2 0.935855 0.369292 0.109868 0.331618 0 0 0 0 0 0
7 0.296053 0.775484 0.202632 0.249110 0 0 0 0 0 0
7 0.640461 0.775484 0.196711 0.242763 0 0 0 0 0 0
7 0.640132 0.153502 0.197368 0.274497 0 0 0 0 0 0
8 0.046711 0.773897 0.073684 0.258630 0 0 0 0 0 0
9 0.137500 0.773897 0.136842 0.004760 0.069079 0.776277 2 0.205921 0.771517 2
9 0.469408 0.769930 0.158553 0.003173 0.390132 0.771517 2 0.548684 0.768344 2
9 0.601645 0.457353 0.001974 0.406192 0.600658 0.660449 2 0.602632 0.254257 2
9 0.678289 0.459733 0.001316 0.404605 0.678947 0.257430 2 0.677632 0.662036 2
9 0.835855 0.647755 0.204605 0.257043 0.733553 0.776277 2 0.938158 0.519234 2
