3 0.591643 0.305538 0.116599 0.178750 0 0 0 0 0 0
6 0.409346 0.430439 0.123508 0.170543 0 0 0 0 0 0
8 0.227091 0.430243 0.123471 0.171630 0 0 0 0 0 0
1 0.771851 0.553809 0.123494 0.170821 0 0 0 0 0 0
4 0.411899 0.668759 0.122743 0.135286 0 0 0 0 0 0
3 0.769591 0.290188 0.127101 0.151849 0 0 0 0 0 0
7 0.592208 0.539831 0.117324 0.142771 0 0 0 0 0 0
9 0.681051 0.419874 0.182024 0.059695 0.590039 0.449722 2 0.772063 0.390027 2
9 0.499606 0.606437 0.062791 0.001000 0.468210 0.606322 2 0.531001 0.606552 2
9 0.500876 0.480061 0.059097 0.001462 0.471328 0.480792 2 0.530424 0.479330 2
9 0.681724 0.294735 0.062501 0.001000 0.650473 0.294638 2 0.712974 0.294833 2
9 0.681088 0.543415 0.064370 0.001690 0.648903 0.544260 2 0.713273 0.542570 2
9 0.316781 0.419601 0.062424 0.001183 0.285569 0.419010 2 0.347993 0.420193 2
