6 0.345318 0.483236 0.106956 0.135043 0 0 0 0 0 0
6 0.346393 0.705518 0.105905 0.131988 0 0 0 0 0 0
7 0.500143 0.484180 0.104675 0.131986 0 0 0 0 0 0
2 0.652594 0.259038 0.105697 0.136925 0 0 0 0 0 0
8 0.191869 0.706640 0.104981 0.132874 0 0 0 0 0 0
3 0.499674 0.263166 0.104954 0.140247 0 0 0 0 0 0
1 0.653275 0.482804 0.106351 0.136540 0 0 0 0 0 0
5 0.809362 0.262071 0.104814 0.140143 0 0 0 0 0 0
4 0.346479 0.259804 0.112660 0.126288 0 0 0 0 0 0
9 0.447251 0.637538 0.105830 0.141705 0.394336 0.708391 2 0.500167 0.566686 2
9 0.414418 0.371906 0.138348 0.053319 0.345244 0.345246 2 0.483593 0.398565 2
9 0.585600 0.372156 0.137767 0.051703 0.516716 0.398008 2 0.654483 0.346304 2
9 0.729548 0.261563 0.048344 0.003376 0.705376 0.263252 2 0.753720 0.259875 2
9 0.576466 0.482712 0.050046 0.001000 0.551443 0.482459 2 0.601489 0.482966 2
9 0.268929 0.704972 0.049367 0.001000 0.244246 0.704860 2 0.293612 0.705084 2
9 0.421717 0.482651 0.049355 0.001000 0.397039 0.482559 2 0.446395 0.482743 2
9 0.575339 0.260474 0.051134 0.001000 0.549772 0.260700 2 0.600905 0.260248 2
