6 0.408542 0.647811 0.121639 0.102596 0 0 0 0 0 0
4 0.409143 0.341030 0.122028 0.101976 0 0 0 0 0 0
2 0.771760 0.340880 0.124212 0.103035 0 0 0 0 0 0
8 0.228655 0.648658 0.118981 0.107216 0 0 0 0 0 0
3 0.590270 0.187221 0.120634 0.104502 0 0 0 0 0 0
0 0.591740 0.479350 0.144699 0.462547 0 0 0 0 0 0
1 0.772293 0.495452 0.124754 0.092854 0 0 0 0 0 0
7 0.590672 0.336327 0.119665 0.093269 0 0 0 0 0 0
7 0.590005 0.493979 0.119764 0.103218 0 0 0 0 0 0
6 0.408807 0.494488 0.120785 0.101671 0 0 0 0 0 0
7 0.589552 0.645740 0.121625 0.106554 0 0 0 0 0 0
5 0.592469 0.797006 0.097052 0.090930 0 0 0 0 0 0
9 0.519974 0.564967 0.181815 0.035442 0.429067 0.547246 2 0.610882 0.582688 2
9 0.707371 0.410992 0.167839 0.041275 0.623452 0.390354 2 0.791291 0.431629 2
9 0.711113 0.584833 0.122965 0.075846 0.649630 0.622756 2 0.772595 0.546910 2
9 0.472544 0.411609 0.166390 0.035343 0.389349 0.429281 2 0.555739 0.393938 2
9 0.470322 0.747928 0.122268 0.094821 0.409189 0.700518 2 0.531456 0.795339 2
9 0.681785 0.507563 0.061003 0.306955 0.651283 0.661040 2 0.712286 0.354085 2
9 0.479769 0.565559 0.182616 0.035170 0.388461 0.583144 2 0.571077 0.547974 2
9 0.499980 0.503012 0.061761 0.278721 0.469100 0.642372 2 0.530861 0.363651 2
9 0.713508 0.229450 0.121348 0.096045 0.652834 0.181427 2 0.774181 0.277472 2
9 0.499348 0.306593 0.057345 0.001000 0.470676 0.306706 2 0.528020 0.306479 2
9 0.317436 0.642064 0.057831 0.001000 0.288521 0.642332 2 0.346352 0.641796 2
9 0.499370 0.670979 0.062305 0.001000 0.468217 0.670769 2 0.530523 0.671189 2
9 0.677572 0.314362 0.061084 0.001797 0.647030 0.313464 2 0.708114 0.315261 2
9 0.681370 0.489563 0.060611 0.002549 0.651065 0.490837 2 0.711675 0.488288 2
9 0.498505 0.488261 0.061020 0.001000 0.467995 0.488110 2 0.529016 0.488412 2
9 0.503755 0.411948 0.149811 0.035387 0.428849 0.394254 2 0.578660 0.429641 2
9 0.498608 0.473563 0.060611 0.276852 0.468303 0.335137 2 0.528914 0.611989 2
9 0.676980 0.412085 0.150446 0.035005 0.601757 0.429587 2 0.752202 0.394582 2
