2 0.723530 0.420502 0.152539 0.107392 0 0 0 0 0 0
5 0.501308 0.766664 0.151246 0.107285 0 0 0 0 0 0
7 0.500088 0.596659 0.148807 0.102333 0 0 0 0 0 0
7 0.499478 0.416760 0.145148 0.103984 0 0 0 0 0 0
7 0.499478 0.244691 0.154905 0.099857 0 0 0 0 0 0
0 0.279318 0.508777 0.156125 0.096556 0 0 0 0 0 0
0 0.500088 0.404381 0.178080 0.523219 0 0 0 0 0 0
9 0.388483 0.464625 0.076843 0.001651 0.350062 0.463800 2 0.426905 0.465450 2
9 0.387264 0.550453 0.074403 0.001000 0.350062 0.550453 2 0.424465 0.550453 2
9 0.644626 0.541375 0.150027 0.107285 0.569613 0.595017 2 0.719639 0.487732 2
9 0.609254 0.417172 0.074403 0.004126 0.572052 0.415109 2 0.646456 0.419235 2
9 0.353111 0.668878 0.147587 0.197239 0.279318 0.570259 2 0.426905 0.767498 2
9 0.350062 0.340835 0.146367 0.199714 0.276878 0.440692 2 0.423246 0.240978 2
9 0.646456 0.296683 0.146367 0.109760 0.573272 0.241803 2 0.719639 0.351563 2
