8 0.229805 0.712708 0.116645 0.155775 0 0 0 0 0 0
6 0.408026 0.712708 0.126404 0.148939 0 0 0 0 0 0
3 0.589965 0.714661 0.124081 0.146985 0 0 0 0 0 0
7 0.590430 0.491986 0.123151 0.145032 0 0 0 0 0 0
0 0.406400 0.492230 0.127799 0.138684 0 0 0 0 0 0
4 0.407794 0.270531 0.122222 0.147474 0 0 0 0 0 0
5 0.590197 0.270287 0.127334 0.148939 0 0 0 0 0 0
1 0.772136 0.490765 0.129658 0.151380 0 0 0 0 0 0
2 0.772833 0.713684 0.126404 0.149915 0 0 0 0 0 0
9 0.317889 0.705106 0.061049 0.001074 0.287365 0.705643 2 0.348414 0.704570 2
9 0.490308 0.593852 0.161180 0.051803 0.409718 0.619753 2 0.570898 0.567950 2
9 0.691591 0.592912 0.160669 0.052071 0.611256 0.566877 2 0.771925 0.618948 2
9 0.680863 0.705106 0.061560 0.001000 0.650083 0.705106 2 0.711643 0.705106 2
9 0.680735 0.482999 0.062326 0.001342 0.649572 0.483670 2 0.711898 0.482328 2
9 0.499759 0.371879 0.181614 0.052339 0.408952 0.345709 2 0.590566 0.398048 2
9 0.499376 0.482865 0.061815 0.001610 0.468468 0.483670 2 0.530284 0.482060 2
9 0.499686 0.261713 0.061494 0.001000 0.468939 0.262060 2 0.530433 0.261365 2
