6 0.046141 0.077406 0.062752 0.118550 0 0 0 0 0 0
3 0.045034 0.370990 0.087115 0.114365 0 0 0 0 0 0
3 0.045034 0.640865 0.060538 0.096234 0 0 0 0 0 0
6 0.167217 0.124128 0.049464 0.097629 0 0 0 0 0 0
2 0.649672 0.375174 0.053155 0.103208 0 0 0 0 0 0
2 0.648196 0.147838 0.070873 0.133891 0 0 0 0 0 0
5 0.876319 0.145049 0.056108 0.103208 0 0 0 0 0 0
5 0.876688 0.349372 0.062752 0.104603 0 0 0 0 0 0
7 0.371716 0.205021 0.052417 0.089261 0 0 0 0 0 0
7 0.289399 0.382148 0.054632 0.086471 0 0 0 0 0 0
7 0.369870 0.375872 0.048725 0.104603 0 0 0 0 0 0
7 0.452925 0.374477 0.049464 0.096234 0 0 0 0 0 0
0 0.883702 0.284519 0.124028 0.463040 0 0 0 0 0 0
0 0.646350 0.286611 0.197116 0.472803 0 0 0 0 0 0
0 0.373931 0.283821 0.270943 0.467225 0 0 0 0 0 0
0 0.543362 0.406555 0.844574 0.813110 0 0 0 0 0 0
9 0.046511 0.262901 0.001000 0.101813 0.046511 0.313808 2 0.046511 0.211994 2
9 0.046880 0.511855 0.001000 0.158996 0.047249 0.432357 2 0.046511 0.591353 2
9 0.157988 0.402371 0.128458 0.009763 0.093759 0.397490 2 0.222217 0.407252 2
9 0.157619 0.401674 0.136579 0.001000 0.225909 0.401674 2 0.089330 0.401674 2
9 0.541147 0.375174 0.747123 0.278940 0.167586 0.235704 2 0.914709 0.514644 2
9 0.607591 0.515342 0.488731 0.004184 0.363226 0.513250 2 0.851956 0.517434 2
9 0.782929 0.390516 0.077518 0.002789 0.744170 0.389121 2 0.821687 0.391911 2
9 0.530812 0.402371 0.036913 0.009763 0.512355 0.397490 2 0.549268 0.407252 2
9 0.532657 0.401674 0.036175 0.005579 0.550745 0.398884 2 0.514570 0.404463 2
