7 0.499527 0.297026 0.151453 0.134620 0 0 0 0 0 0
5 0.721474 0.298602 0.151955 0.141004 0 0 0 0 0 0
7 0.499876 0.498576 0.150159 0.122861 0 0 0 0 0 0
0 0.501124 0.484457 0.178132 0.633099 0 0 0 0 0 0
0 0.276274 0.393746 0.156660 0.120506 0 0 0 0 0 0
7 0.500583 0.708718 0.151128 0.129553 0 0 0 0 0 0
1 0.721503 0.501623 0.151552 0.132102 0 0 0 0 0 0
3 0.276423 0.604058 0.158558 0.115166 0 0 0 0 0 0
9 0.389659 0.446266 0.076953 0.188053 0.351182 0.540293 2 0.428135 0.352239 2
9 0.389695 0.549983 0.075799 0.190201 0.351796 0.454882 2 0.427595 0.645083 2
9 0.645171 0.639616 0.154970 0.128582 0.567686 0.703907 2 0.722656 0.575325 2
9 0.611967 0.393802 0.223737 0.049206 0.500099 0.369199 2 0.723835 0.418405 2
9 0.389477 0.663525 0.074546 0.001000 0.352204 0.663698 2 0.426750 0.663353 2
9 0.610561 0.291126 0.074741 0.001000 0.573190 0.291172 2 0.647931 0.291081 2
9 0.386616 0.333223 0.079581 0.001482 0.346826 0.332482 2 0.426407 0.333964 2
9 0.387137 0.436363 0.073906 0.001000 0.350185 0.436715 2 0.424090 0.436012 2
9 0.609603 0.497466 0.076890 0.001670 0.571158 0.496630 2 0.648048 0.498301 2
9 0.386186 0.556002 0.070480 0.007432 0.350946 0.559718 2 0.421426 0.552287 2
