8 0.225796 0.585759 0.124917 0.126431 0 0 0 0 0 0
3 0.589273 0.766459 0.117931 0.130390 0 0 0 0 0 0
5 0.588334 0.219250 0.123268 0.122460 0 0 0 0 0 0
0 0.407302 0.586555 0.128045 0.123394 0 0 0 0 0 0
7 0.588276 0.397834 0.114914 0.107036 0 0 0 0 0 0
0 0.406585 0.398628 0.127204 0.111507 0 0 0 0 0 0
0 0.588434 0.476399 0.144683 0.370252 0 0 0 0 0 0
7 0.588464 0.579743 0.117739 0.111052 0 0 0 0 0 0
2 0.770067 0.583093 0.097944 0.117157 0 0 0 0 0 0
1 0.770192 0.402424 0.123088 0.125509 0 0 0 0 0 0
7 0.771030 0.580782 0.095699 0.113282 0 0 0 0 0 0
9 0.470248 0.270483 0.121487 0.112238 0.409504 0.326602 2 0.530991 0.214364 2
9 0.711419 0.702200 0.123763 0.117378 0.649537 0.760888 2 0.773300 0.643511 2
9 0.708582 0.486244 0.166080 0.042813 0.625542 0.464838 2 0.791622 0.507651 2
9 0.472871 0.486341 0.167075 0.043150 0.389334 0.507916 2 0.556409 0.464766 2
9 0.679706 0.578141 0.059461 0.001722 0.649975 0.579002 2 0.709436 0.577280 2
9 0.498036 0.577965 0.062842 0.001691 0.466615 0.578811 2 0.529457 0.577120 2
9 0.317813 0.578364 0.058598 0.001332 0.288514 0.577698 2 0.347112 0.579030 2
9 0.497338 0.395788 0.062890 0.001000 0.465893 0.396140 2 0.528783 0.395436 2
9 0.504107 0.486116 0.149633 0.043724 0.429291 0.464254 2 0.578924 0.507978 2
9 0.678805 0.396152 0.065346 0.001041 0.646132 0.395632 2 0.711478 0.396673 2
9 0.677058 0.487146 0.149269 0.041465 0.602424 0.507878 2 0.751693 0.466414 2
