8 0.064474 0.225146 0.111842 0.394737 0 0 0 0 0 0
2 0.750000 0.776316 0.139474 0.336257 0 0 0 0 0 0
7 0.746711 0.228801 0.180263 0.200292 0 0 0 0 0 0
7 0.434539 0.230263 0.165132 0.203216 0 0 0 0 0 0
9 0.717763 0.477339 0.001000 0.308480 0.717763 0.631579 2 0.717763 0.323099 2
9 0.781579 0.472953 0.003947 0.311404 0.779605 0.317251 2 0.783553 0.628655 2
9 0.592434 0.273392 0.142763 0.001000 0.663816 0.273392 2 0.521053 0.273392 2
9 0.589474 0.184942 0.146053 0.007310 0.516447 0.181287 2 0.662500 0.188596 2
9 0.240789 0.184211 0.221053 0.001000 0.130263 0.184211 2 0.351316 0.184211 2
9 0.246053 0.271930 0.219737 0.002924 0.355921 0.273392 2 0.136184 0.270468 2
