8 0.040512 0.170153 0.056958 0.083682 0 0 0 0 0 0
5 0.697134 0.474198 0.062574 0.103208 0 0 0 0 0 0
7 0.570382 0.201534 0.051342 0.090656 0 0 0 0 0 0
7 0.679083 0.198745 0.052145 0.090656 0 0 0 0 0 0
7 0.787384 0.198745 0.052145 0.090656 0 0 0 0 0 0
7 0.913333 0.200139 0.052145 0.093445 0 0 0 0 0 0
7 0.575195 0.736402 0.057760 0.089261 0 0 0 0 0 0
2 0.703150 0.735007 0.050540 0.089261 0 0 0 0 0 0
2 0.817868 0.733612 0.055354 0.092050 0 0 0 0 0 0
2 0.699941 0.874477 0.048936 0.069735 0 0 0 0 0 0
7 0.574794 0.871688 0.053749 0.086471 0 0 0 0 0 0
7 0.818671 0.871688 0.056958 0.086471 0 0 0 0 0 0
0 0.698337 0.804742 0.358595 0.309623 0 0 0 0 0 0
0 0.751284 0.214784 0.467697 0.284519 0 0 0 0 0 0
0 0.750080 0.496513 0.494171 0.981869 0 0 0 0 0 0
3 0.262729 0.824965 0.310461 0.319386 0 0 0 0 0 0
3 0.262729 0.156904 0.227030 0.311018 0 0 0 0 0 0
9 0.114718 0.179916 0.101080 0.002789 0.064178 0.178522 2 0.165258 0.181311 2
9 0.436009 0.177127 0.166061 0.002789 0.519040 0.175732 2 0.352979 0.178522 2
9 0.484945 0.415621 0.174083 0.128312 0.397904 0.479777 2 0.571986 0.351464 2
9 0.698738 0.391911 0.001604 0.080893 0.699540 0.351464 2 0.697936 0.432357 2
9 0.697134 0.604603 0.001604 0.082287 0.697936 0.645746 2 0.696331 0.563459 2
9 0.934993 0.502789 0.002407 0.297071 0.936197 0.354254 2 0.933790 0.651325 2
9 0.464889 0.827755 0.093860 0.004184 0.417959 0.829847 2 0.511820 0.825662 2
9 0.264333 0.465830 0.001000 0.401674 0.264734 0.666667 2 0.263932 0.264993 2
9 0.133570 0.371688 0.135576 0.205021 0.201358 0.269177 2 0.065782 0.474198 2
9 0.136378 0.311018 0.139587 0.075314 0.206172 0.273361 2 0.066585 0.348675 2
9 0.131966 0.442817 0.138785 0.330544 0.201358 0.277545 2 0.062574 0.608089 2
