8 0.067278 0.894554 0.084819 0.104641 0 0 0 0 0 0
4 0.202501 0.781864 0.088816 0.113227 0 0 0 0 0 0
2 0.334614 0.781596 0.091925 0.112690 0 0 0 0 0 0
0 0.267780 0.770864 0.238027 0.187817 0 0 0 0 0 0
7 0.335281 0.495031 0.090592 0.108934 0 0 0 0 0 0
7 0.468505 0.585183 0.089704 0.112153 0 0 0 0 0 0
7 0.468949 0.401123 0.088816 0.110007 0 0 0 0 0 0
7 0.605281 0.400854 0.089704 0.110544 0 0 0 0 0 0
6 0.605947 0.887042 0.088372 0.110007 0 0 0 0 0 0
0 0.606169 0.878456 0.111908 0.186207 0 0 0 0 0 0
7 0.468480 0.214045 0.090092 0.111458 0 0 0 0 0 0
2 0.782731 0.249686 0.089020 0.110162 0 0 0 0 0 0
6 0.782945 0.064153 0.090092 0.111458 0 0 0 0 0 0
2 0.784554 0.436436 0.090092 0.110810 0 0 0 0 0 0
5 0.784018 0.622416 0.087947 0.108218 0 0 0 0 0 0
7 0.943984 0.623416 0.088719 0.107206 0 0 0 0 0 0
0 0.863553 0.613894 0.263566 0.183894 0 0 0 0 0 0
0 0.785195 0.330619 0.102966 0.379527 0 0 0 0 0 0
0 0.535875 0.389699 0.240253 0.558726 0 0 0 0 0 0
0 0.473707 0.377179 0.385312 0.599417 0 0 0 0 0 0
9 0.337715 0.906879 0.450071 0.003130 0.112680 0.905314 2 0.562750 0.908444 2
9 0.515476 0.745287 0.091957 0.179199 0.469498 0.655687 2 0.561455 0.834886 2
9 0.135669 0.836451 0.045978 0.001000 0.112680 0.836451 2 0.158658 0.836451 2
9 0.248024 0.598990 0.089367 0.211993 0.203341 0.704987 2 0.292708 0.492993 2
9 0.378189 0.322402 0.085481 0.211283 0.335448 0.428043 2 0.420929 0.216761 2
9 0.401178 0.447215 0.045978 0.003913 0.378189 0.449172 2 0.424167 0.445259 2
9 0.403445 0.540336 0.042741 0.011738 0.382074 0.534467 2 0.424815 0.546205 2
9 0.626861 0.514904 0.312135 0.076688 0.470793 0.476560 2 0.782928 0.553248 2
9 0.693886 0.417479 0.087424 0.003913 0.650174 0.419436 2 0.737598 0.415523 2
9 0.604843 0.318489 0.270690 0.025041 0.469498 0.331010 2 0.740188 0.305969 2
9 0.623947 0.214413 0.227302 0.003130 0.510296 0.215978 2 0.737598 0.212848 2
9 0.625566 0.436651 0.226654 0.370919 0.512239 0.251192 2 0.738893 0.622111 2
9 0.672839 0.529772 0.132107 0.111119 0.606786 0.474213 2 0.738893 0.585332 2
9 0.268423 0.783703 0.044683 0.002348 0.246082 0.782529 2 0.290765 0.784877 2
9 0.626537 0.208935 0.226007 0.339618 0.513534 0.378744 2 0.739540 0.039126 2
9 0.672192 0.211283 0.133402 0.244149 0.605491 0.333357 2 0.738893 0.089208 2
9 0.647584 0.150637 0.270690 0.025823 0.512239 0.163549 2 0.782928 0.137725 2
9 0.862905 0.624849 0.069291 0.001000 0.828259 0.625241 2 0.897551 0.624458 2
