2 0.101165 0.260809 0.086907 0.170153 0 0 0 0 0 0
3 0.103202 0.672943 0.097771 0.191074 0 0 0 0 0 0
6 0.736675 0.751046 0.089623 0.160391 0 0 0 0 0 0
2 0.327260 0.260809 0.084191 0.156206 0 0 0 0 0 0
7 0.511599 0.257322 0.083512 0.168759 0 0 0 0 0 0
7 0.736335 0.257322 0.083512 0.199442 0 0 0 0 0 0
0 0.425710 0.452580 0.408736 0.891213 0 0 0 0 0 0
0 0.106937 0.474895 0.188073 0.829847 0 0 0 0 0 0
7 0.925087 0.256625 0.087586 0.206416 0 0 0 0 0 0
9 0.198936 0.274059 0.114066 0.009763 0.141903 0.278940 2 0.255969 0.269177 2
9 0.240692 0.588563 0.164988 0.167364 0.158198 0.672245 2 0.323186 0.504881 2
9 0.603938 0.638773 0.179925 0.278940 0.693900 0.778243 2 0.513975 0.499303 2
9 0.419599 0.271967 0.036664 0.002789 0.401267 0.273361 2 0.437931 0.270572 2
9 0.624646 0.273361 0.081476 0.002789 0.583908 0.271967 2 0.665384 0.274756 2
9 0.828335 0.271967 0.038022 0.002789 0.809324 0.270572 2 0.847346 0.273361 2
9 0.735317 0.594142 0.001358 0.158996 0.734638 0.673640 2 0.735996 0.514644 2
