6 0.278014 0.398290 0.151799 0.113733 0 0 0 0 0 0
2 0.720588 0.577601 0.126738 0.106454 0 0 0 0 0 0
6 0.279458 0.576506 0.134166 0.102761 0 0 0 0 0 0
5 0.503194 0.218066 0.147502 0.122586 0 0 0 0 0 0
0 0.498562 0.369125 0.178965 0.157595 0 0 0 0 0 0
0 0.495437 0.477662 0.179497 0.363817 0 0 0 0 0 0
3 0.499702 0.761415 0.160842 0.109612 0 0 0 0 0 0
7 0.499590 0.392002 0.150112 0.100682 0 0 0 0 0 0
7 0.499590 0.576449 0.154803 0.101508 0 0 0 0 0 0
9 0.354625 0.271247 0.147427 0.112436 0.280911 0.327465 2 0.428338 0.215028 2
9 0.647469 0.701736 0.148159 0.112823 0.573390 0.758148 2 0.721549 0.645325 2
9 0.649153 0.449957 0.150100 0.108801 0.574103 0.395557 2 0.724202 0.504358 2
9 0.365585 0.485895 0.221165 0.042414 0.255002 0.507102 2 0.476167 0.464688 2
9 0.609723 0.577010 0.072150 0.001000 0.573648 0.576919 2 0.645798 0.577102 2
9 0.388401 0.395858 0.073183 0.001000 0.351809 0.396018 2 0.424992 0.395697 2
9 0.413615 0.485853 0.221795 0.042638 0.302717 0.464534 2 0.524513 0.507172 2
9 0.388093 0.577396 0.075256 0.001000 0.350465 0.577070 2 0.425721 0.577722 2
