3 0.408964 0.218053 0.122255 0.122217 0 0 0 0 0 0
4 0.227947 0.486196 0.123044 0.116206 0 0 0 0 0 0
2 0.589587 0.395034 0.122255 0.119545 0 0 0 0 0 0
1 0.591559 0.576689 0.121467 0.120881 0 0 0 0 0 0
5 0.771393 0.396703 0.121467 0.118877 0 0 0 0 0 0
7 0.409359 0.394366 0.121467 0.116874 0 0 0 0 0 0
7 0.409753 0.576021 0.120678 0.115538 0 0 0 0 0 0
7 0.408570 0.752668 0.121467 0.116206 0 0 0 0 0 0
0 0.227159 0.666181 0.127777 0.114203 0 0 0 0 0 0
0 0.408964 0.557435 0.147495 0.543190 0 0 0 0 0 0
9 0.318083 0.709497 0.063904 0.001000 0.286131 0.709497 2 0.350035 0.709497 2
9 0.530078 0.679858 0.120986 0.086635 0.469585 0.723176 2 0.590571 0.636541 2
9 0.499921 0.567233 0.062109 0.001000 0.468867 0.567233 2 0.530976 0.567233 2
9 0.317903 0.619366 0.062109 0.001000 0.286849 0.619214 2 0.348958 0.619518 2
9 0.500101 0.590791 0.064622 0.356572 0.467790 0.769077 2 0.532412 0.412505 2
9 0.499562 0.366604 0.061391 0.001000 0.468867 0.366300 2 0.530258 0.366908 2
9 0.681401 0.389250 0.061750 0.001000 0.650526 0.389706 2 0.712276 0.388794 2
9 0.530437 0.265681 0.121704 0.108826 0.469585 0.211268 2 0.591289 0.320094 2
9 0.317185 0.426488 0.062109 0.001000 0.286131 0.426488 2 0.348240 0.426488 2
9 0.479637 0.478621 0.181659 0.041646 0.388808 0.457799 2 0.570467 0.499444 2
9 0.519846 0.478773 0.181659 0.041950 0.429017 0.499748 2 0.610676 0.457799 2
9 0.317903 0.516467 0.060673 0.001000 0.287567 0.516163 2 0.348240 0.516771 2
9 0.318621 0.523459 0.062109 0.163543 0.287567 0.605230 2 0.349676 0.441688 2
9 0.317724 0.612374 0.063904 0.163239 0.285772 0.530755 2 0.349676 0.693994 2
