6 0.277916 0.627186 0.154280 0.159854 0 0 0 0 0 0
6 0.276859 0.367557 0.156394 0.151271 0 0 0 0 0 0
7 0.499297 0.366913 0.148997 0.154490 0 0 0 0 0 0
7 0.499297 0.628151 0.148997 0.159854 0 0 0 0 0 0
0 0.498240 0.481708 0.180698 0.532132 0 0 0 0 0 0
2 0.721735 0.491900 0.145826 0.157708 0 0 0 0 0 0
9 0.365237 0.499856 0.220289 0.057134 0.255093 0.528423 2 0.475381 0.471289 2
9 0.414297 0.495705 0.221251 0.058599 0.303672 0.466406 2 0.524922 0.525005 2
9 0.389046 0.627553 0.071666 0.002930 0.353213 0.629018 2 0.424879 0.626088 2
9 0.609575 0.564071 0.071185 0.001000 0.573982 0.563582 2 0.645167 0.564559 2
9 0.608132 0.431247 0.070223 0.001000 0.573020 0.431735 2 0.643244 0.430758 2
9 0.388632 0.365998 0.071185 0.002442 0.353039 0.367219 2 0.424224 0.364777 2
