6 0.408940 0.483107 0.125408 0.129695 0 0 0 0 0 0
2 0.771293 0.376522 0.097380 0.133937 0 0 0 0 0 0
8 0.226310 0.260463 0.123416 0.130444 0 0 0 0 0 0
4 0.409520 0.705642 0.124042 0.136631 0 0 0 0 0 0
5 0.771392 0.594026 0.123465 0.131566 0 0 0 0 0 0
0 0.589387 0.467386 0.142747 0.452105 0 0 0 0 0 0
7 0.591553 0.596095 0.121818 0.120125 0 0 0 0 0 0
7 0.590452 0.371386 0.122121 0.125803 0 0 0 0 0 0
6 0.409492 0.260126 0.114036 0.126588 0 0 0 0 0 0
9 0.499058 0.427514 0.063271 0.202681 0.467423 0.326173 2 0.530694 0.528854 2
9 0.681572 0.483542 0.181316 0.053362 0.590914 0.510223 2 0.772230 0.456861 2
9 0.498103 0.538149 0.064882 0.201979 0.465661 0.639138 2 0.530544 0.437159 2
9 0.498750 0.548273 0.060399 0.001000 0.468551 0.548199 2 0.528950 0.548346 2
9 0.499285 0.658867 0.064181 0.001000 0.467194 0.658859 2 0.531376 0.658875 2
9 0.679899 0.371755 0.061067 0.002189 0.649366 0.372850 2 0.710433 0.370661 2
9 0.318276 0.262024 0.062026 0.001000 0.287263 0.261711 2 0.349288 0.262337 2
9 0.499588 0.418206 0.061278 0.001000 0.468949 0.417910 2 0.530227 0.418503 2
9 0.679945 0.593711 0.060698 0.001228 0.649595 0.594325 2 0.710294 0.593097 2
9 0.498641 0.306636 0.061380 0.001000 0.467951 0.306619 2 0.529332 0.306653 2
