6 0.346132 0.504368 0.180143 0.099060 0 0 0 0 0 0
5 0.618919 0.766319 0.190437 0.108129 0 0 0 0 0 0
7 0.621493 0.596103 0.185290 0.101153 0 0 0 0 0 0
7 0.622780 0.417865 0.187863 0.101850 0 0 0 0 0 0
7 0.622136 0.240674 0.191723 0.104641 0 0 0 0 0 0
0 0.623423 0.410192 0.220032 0.530180 0 0 0 0 0 0
9 0.431699 0.672491 0.176283 0.191144 0.343558 0.576919 2 0.519841 0.768063 2
9 0.483169 0.549364 0.081064 0.004883 0.442637 0.551805 2 0.523701 0.546922 2
9 0.480595 0.461814 0.088785 0.004186 0.436203 0.459721 2 0.524988 0.463907 2
9 0.435560 0.341826 0.176283 0.196725 0.347418 0.440189 2 0.523701 0.243464 2
