4 0.316806 0.349372 0.131660 0.191074 0 0 0 0 0 0
7 0.814644 0.354254 0.135774 0.181311 0 0 0 0 0 0
0 0.673213 0.297768 0.556468 0.587169 0 0 0 0 0 0
7 0.550811 0.359135 0.112116 0.174338 0 0 0 0 0 0
8 0.054515 0.115760 0.096688 0.128312 0 0 0 0 0 0
8 0.058630 0.281032 0.096688 0.135286 0 0 0 0 0 0
8 0.057087 0.426081 0.097716 0.126918 0 0 0 0 0 0
3 0.656756 0.813808 0.120345 0.191074 0 0 0 0 0 0
3 0.373893 0.821478 0.124460 0.161785 0 0 0 0 0 0
3 0.901046 0.818689 0.144003 0.181311 0 0 0 0 0 0
3 0.091545 0.818689 0.152232 0.131102 0 0 0 0 0 0
9 0.773501 0.820084 0.115202 0.002789 0.715900 0.818689 2 0.831102 0.821478 2
9 0.239662 0.822176 0.148117 0.006974 0.165603 0.818689 2 0.313720 0.825662 2
9 0.463524 0.586438 0.168962 0.299048 0.379043 0.735962 2 0.548005 0.436914 2
9 0.604825 0.585424 0.101676 0.286883 0.655663 0.728866 2 0.553986 0.441983 2
9 0.603703 0.584918 0.093452 0.275732 0.556977 0.447051 2 0.650429 0.722784 2
9 0.680708 0.352268 0.136814 0.003041 0.612301 0.353789 2 0.749115 0.350748 2
9 0.433246 0.356830 0.112891 0.002027 0.376800 0.357844 2 0.489691 0.355816 2
9 0.175691 0.237718 0.139057 0.230115 0.106162 0.122660 2 0.245219 0.352775 2
9 0.173822 0.316788 0.132329 0.082111 0.107657 0.275732 2 0.239986 0.357844 2
9 0.172700 0.388762 0.134572 0.076029 0.105414 0.426777 2 0.239986 0.350748 2
9 0.174195 0.474929 0.139057 0.226060 0.104667 0.587959 2 0.243724 0.361899 2
