8 0.072793 0.349855 0.065673 0.114712 0 0 0 0 0 0
6 0.425615 0.217550 0.045802 0.049934 0 0 0 0 0 0
6 0.614704 0.219631 0.042708 0.050766 0 0 0 0 0 0
7 0.518767 0.235859 0.062514 0.076565 0 0 0 0 0 0
7 0.521242 0.353620 0.050135 0.074069 0 0 0 0 0 0
0 0.508244 0.349043 0.297715 0.331228 0 0 0 0 0 0
5 0.413458 0.657878 0.080463 0.135654 0 0 0 0 0 0
5 0.494850 0.659543 0.067466 0.132325 0 0 0 0 0 0
3 0.771766 0.108784 0.046074 0.065295 0 0 0 0 0 0
6 0.906726 0.335132 0.032645 0.042525 0 0 0 0 0 0
0 0.838389 0.401547 0.298117 0.749648 0 0 0 0 0 0
3 0.773254 0.624256 0.059543 0.084388 0 0 0 0 0 0
3 0.865787 0.848534 0.067589 0.080061 0 0 0 0 0 0
9 0.238081 0.349174 0.253769 0.001280 0.111197 0.348533 2 0.364966 0.349814 2
9 0.643255 0.390145 0.183304 0.001000 0.551603 0.390145 2 0.734908 0.390145 2
9 0.775482 0.287349 0.001725 0.085811 0.776345 0.244444 2 0.774620 0.330255 2
9 0.774744 0.517569 0.001000 0.119826 0.775031 0.457656 2 0.774456 0.577482 2
9 0.865873 0.653629 0.001150 0.286808 0.865298 0.510225 2 0.866448 0.797033 2
