2 0.833262 0.537657 0.106313 0.140865 0 0 0 0 0 0
4 0.827515 0.246165 0.091946 0.090656 0 0 0 0 0 0
4 0.417349 0.360530 0.081890 0.079498 0 0 0 0 0 0
2 0.063213 0.663877 0.091946 0.097629 0 0 0 0 0 0
7 0.071833 0.827057 0.100566 0.075314 0 0 0 0 0 0
1 0.339051 0.821478 0.114933 0.111576 0 0 0 0 0 0
2 0.521507 0.831939 0.091946 0.093445 0 0 0 0 0 0
7 0.351981 0.508368 0.083326 0.073919 0 0 0 0 0 0
7 0.472661 0.507671 0.080453 0.080893 0 0 0 0 0 0
7 0.356291 0.661088 0.080453 0.075314 0 0 0 0 0 0
7 0.476252 0.652720 0.073270 0.080893 0 0 0 0 0 0
3 0.411603 0.237099 0.093383 0.078103 0 0 0 0 0 0
7 0.057466 0.534170 0.097693 0.108787 0 0 0 0 0 0
5 0.060340 0.371688 0.083326 0.079498 0 0 0 0 0 0
0 0.425969 0.668061 0.323248 0.142259 0 0 0 0 0 0
0 0.428843 0.514644 0.308882 0.131102 0 0 0 0 0 0
0 0.428843 0.671548 0.354855 0.483961 0 0 0 0 0 0
0 0.569635 0.645049 0.725513 0.687587 0 0 0 0 0 0
9 0.158032 0.671548 0.083326 0.001395 0.116369 0.670851 2 0.199696 0.672245 2
9 0.157314 0.670851 0.104876 0.011158 0.209752 0.665272 2 0.104876 0.676430 2
9 0.155877 0.523013 0.104876 0.002789 0.208316 0.524407 2 0.103439 0.521618 2
9 0.165934 0.361925 0.104876 0.004184 0.218372 0.359833 2 0.113496 0.364017 2
9 0.165216 0.829149 0.103439 0.004184 0.216935 0.827057 2 0.113496 0.831241 2
9 0.412321 0.170851 0.005747 0.065551 0.415194 0.138075 2 0.409448 0.203626 2
9 0.419504 0.296374 0.001000 0.034868 0.419504 0.278940 2 0.419504 0.313808 2
9 0.416631 0.418410 0.001000 0.047420 0.416631 0.394700 2 0.416631 0.442120 2
9 0.828952 0.177127 0.001000 0.052999 0.828952 0.203626 2 0.828952 0.150628 2
9 0.827515 0.375174 0.002873 0.184100 0.826079 0.467225 2 0.828952 0.283124 2
9 0.828952 0.711994 0.002873 0.188285 0.827515 0.806137 2 0.830389 0.617852 2
9 0.650806 0.506974 0.272965 0.009763 0.514324 0.511855 2 0.787289 0.502092 2
9 0.331868 0.750349 0.005747 0.044630 0.328995 0.728033 2 0.334741 0.772664 2
9 0.519352 0.767085 0.001437 0.066946 0.520070 0.733612 2 0.518634 0.800558 2
9 0.443928 0.836820 0.086200 0.002789 0.400828 0.835425 2 0.487027 0.838215 2
9 0.591903 0.827057 0.074706 0.002789 0.554550 0.825662 2 0.629256 0.828452 2
9 0.767894 0.826360 0.116369 0.001395 0.709709 0.827057 2 0.826079 0.825662 2
