2 0.771875 0.395639 0.098592 0.114691 0 0 0 0 0 0
0 0.589008 0.551100 0.143048 0.544320 0 0 0 0 0 0
7 0.591672 0.569869 0.121861 0.106449 0 0 0 0 0 0
8 0.227107 0.661002 0.126179 0.117867 0 0 0 0 0 0
7 0.589832 0.751008 0.122429 0.113295 0 0 0 0 0 0
7 0.591982 0.394996 0.122219 0.114291 0 0 0 0 0 0
1 0.771640 0.575880 0.124470 0.122428 0 0 0 0 0 0
6 0.409536 0.657585 0.105209 0.104721 0 0 0 0 0 0
3 0.598882 0.213076 0.107177 0.073691 0 0 0 0 0 0
4 0.407387 0.477847 0.134875 0.102181 0 0 0 0 0 0
9 0.711741 0.679755 0.121956 0.087780 0.650763 0.723645 2 0.772719 0.635865 2
9 0.498855 0.612240 0.063372 0.163404 0.467169 0.530538 2 0.530541 0.693942 2
9 0.661214 0.479968 0.182120 0.042280 0.570154 0.501108 2 0.752274 0.458828 2
9 0.498674 0.523566 0.061510 0.163324 0.467919 0.605228 2 0.529429 0.441904 2
9 0.700892 0.477508 0.181863 0.041110 0.609960 0.456952 2 0.791823 0.498063 2
9 0.681446 0.590926 0.062437 0.356477 0.650228 0.769164 2 0.712665 0.412687 2
9 0.711200 0.264893 0.122066 0.109161 0.650168 0.210312 2 0.772233 0.319473 2
9 0.499414 0.709624 0.062081 0.001000 0.468373 0.709364 2 0.530455 0.709885 2
9 0.680692 0.366340 0.062165 0.001000 0.649609 0.366477 2 0.711774 0.366202 2
9 0.499729 0.515208 0.060173 0.001114 0.469643 0.515765 2 0.529816 0.514652 2
9 0.496157 0.426182 0.070761 0.001000 0.460776 0.425936 2 0.531537 0.426427 2
9 0.320124 0.657772 0.063639 0.001000 0.288304 0.658044 2 0.351943 0.657500 2
9 0.678946 0.568394 0.061850 0.001343 0.648021 0.569066 2 0.709871 0.567722 2
9 0.495773 0.619812 0.062698 0.001000 0.464424 0.619571 2 0.527122 0.620053 2
