6 0.408534 0.734862 0.123420 0.119901 0 0 0 0 0 0
6 0.408638 0.534545 0.124106 0.119253 0 0 0 0 0 0
7 0.590421 0.636668 0.122255 0.120484 0 0 0 0 0 0
3 0.589299 0.435531 0.125740 0.121744 0 0 0 0 0 0
2 0.770317 0.437675 0.098187 0.116531 0 0 0 0 0 0
8 0.226932 0.734599 0.123136 0.118524 0 0 0 0 0 0
1 0.768858 0.634609 0.120717 0.100612 0 0 0 0 0 0
5 0.593535 0.237705 0.114635 0.114581 0 0 0 0 0 0
4 0.409962 0.283425 0.120164 0.119502 0 0 0 0 0 0
9 0.500471 0.455634 0.063558 0.240088 0.468692 0.335590 2 0.532250 0.575678 2
9 0.681887 0.535005 0.181359 0.046443 0.591208 0.558227 2 0.772566 0.511784 2
9 0.681673 0.635370 0.059107 0.001000 0.652119 0.635529 2 0.711226 0.635210 2
9 0.500092 0.593938 0.059014 0.001000 0.470585 0.593605 2 0.529599 0.594271 2
9 0.681484 0.436026 0.062255 0.001622 0.650356 0.436837 2 0.712611 0.435215 2
9 0.497671 0.684998 0.062229 0.001242 0.466556 0.685618 2 0.528786 0.684377 2
9 0.317256 0.734766 0.057245 0.001847 0.288633 0.735689 2 0.345878 0.733842 2
9 0.498741 0.260521 0.060947 0.001000 0.468267 0.260167 2 0.529215 0.260875 2
