8 0.033498 0.404436 0.060283 0.083015 0 0 0 0 0 0
7 0.514622 0.544765 0.074357 0.090074 0 0 0 0 0 0
7 0.796710 0.653955 0.072797 0.093314 0 0 0 0 0 0
7 0.509838 0.269249 0.070197 0.088778 0 0 0 0 0 0
7 0.664791 0.100766 0.073317 0.090074 0 0 0 0 0 0
7 0.376407 0.899201 0.072595 0.091182 0 0 0 0 0 0
2 0.380797 0.269472 0.079992 0.096574 0 0 0 0 0 0
2 0.667437 0.652652 0.079992 0.090343 0 0 0 0 0 0
7 0.379964 0.538944 0.069993 0.099689 0 0 0 0 0 0
7 0.249143 0.544136 0.078326 0.095535 0 0 0 0 0 0
7 0.249976 0.775706 0.079992 0.093458 0 0 0 0 0 0
7 0.247893 0.271030 0.075826 0.099689 0 0 0 0 0 0
7 0.510368 0.895119 0.080826 0.097612 0 0 0 0 0 0
3 0.642439 0.897721 0.093325 0.104881 0 0 0 0 0 0
3 0.925550 0.106327 0.085783 0.116752 0 0 0 0 0 0
7 0.796876 0.103513 0.081268 0.111125 0 0 0 0 0 0
0 0.582984 0.498656 0.827351 0.991685 0 0 0 0 0 0
9 0.164568 0.510906 0.089158 0.062306 0.119989 0.479754 2 0.209147 0.542059 2
9 0.163735 0.322951 0.087492 0.101766 0.207480 0.272068 2 0.119989 0.373834 2
9 0.315803 0.274145 0.046662 0.001000 0.339135 0.274145 2 0.292472 0.274145 2
9 0.445375 0.266357 0.049162 0.003115 0.469956 0.267914 2 0.420794 0.264799 2
9 0.597444 0.308932 0.104990 0.079959 0.649939 0.348912 2 0.544948 0.268953 2
9 0.678269 0.270510 0.001000 0.160956 0.678269 0.350989 2 0.678269 0.190032 2
9 0.589111 0.599173 0.076659 0.107996 0.550781 0.545175 2 0.627441 0.653171 2
9 0.664937 0.551405 0.001000 0.095535 0.664937 0.599173 2 0.664937 0.503637 2
9 0.452041 0.542059 0.050829 0.006231 0.426626 0.538944 2 0.477455 0.545175 2
9 0.318720 0.544136 0.052495 0.002077 0.292472 0.545175 2 0.344967 0.543098 2
9 0.246643 0.682241 0.001000 0.097612 0.246643 0.633435 2 0.246643 0.731047 2
9 0.294139 0.870716 0.089991 0.055037 0.249143 0.843197 2 0.339135 0.898234 2
9 0.450791 0.898234 0.046662 0.001000 0.427460 0.898234 2 0.474122 0.898234 2
9 0.583695 0.896157 0.047496 0.001000 0.559947 0.896157 2 0.607443 0.896157 2
9 0.724515 0.897715 0.052495 0.009346 0.698267 0.893042 2 0.750762 0.902388 2
9 0.733264 0.665626 0.046662 0.002077 0.756595 0.666665 2 0.709933 0.664588 2
9 0.728264 0.641742 0.048329 0.002077 0.704100 0.640704 2 0.752429 0.642781 2
9 0.865789 0.666579 0.048455 0.001000 0.890017 0.666150 2 0.841562 0.667007 2
9 0.865844 0.639701 0.048564 0.001000 0.841562 0.639583 2 0.890126 0.639819 2
9 0.730846 0.111250 0.046277 0.001000 0.707707 0.111250 2 0.753985 0.111250 2
9 0.866292 0.108436 0.048535 0.001000 0.842025 0.108436 2 0.890560 0.108436 2
