4 0.227811 0.216876 0.131336 0.118550 0 0 0 0 0 0
0 0.225379 0.398884 0.129714 0.105997 0 0 0 0 0 0
0 0.228622 0.571130 0.123229 0.118550 0 0 0 0 0 0
3 0.224568 0.766388 0.131336 0.124128 0 0 0 0 0 0
2 0.595065 0.485356 0.119986 0.128312 0 0 0 0 0 0
5 0.769369 0.486750 0.137822 0.117155 0 0 0 0 0 0
7 0.407790 0.485356 0.131336 0.133891 0 0 0 0 0 0
9 0.349084 0.656124 0.121035 0.201873 0.288566 0.757061 2 0.409601 0.555188 2
9 0.316980 0.531065 0.062732 0.002539 0.285614 0.529795 2 0.348346 0.532334 2
9 0.498902 0.485675 0.061994 0.001000 0.467905 0.485358 2 0.529899 0.485992 2
9 0.681562 0.486627 0.064208 0.001270 0.649458 0.485992 2 0.713666 0.487262 2
9 0.318456 0.441200 0.059780 0.001000 0.288566 0.441200 2 0.348346 0.441200 2
9 0.348715 0.313284 0.123249 0.202508 0.287090 0.212030 2 0.410339 0.414538 2
