8 0.190611 0.700539 0.106952 0.148575 0 0 0 0 0 0
0 0.345463 0.703335 0.108265 0.147776 0 0 0 0 0 0
5 0.807392 0.484866 0.103015 0.153368 0 0 0 0 0 0
2 0.653197 0.482070 0.103015 0.150971 0 0 0 0 0 0
3 0.500642 0.265997 0.098422 0.145380 0 0 0 0 0 0
7 0.500314 0.480473 0.104328 0.139788 0 0 0 0 0 0
7 0.500642 0.698542 0.104984 0.138191 0 0 0 0 0 0
4 0.346775 0.481271 0.104328 0.149374 0 0 0 0 0 0
0 0.499986 0.568340 0.120731 0.435341 0 0 0 0 0 0
9 0.269160 0.691062 0.052217 0.001000 0.243051 0.691062 2 0.295269 0.691062 2
9 0.422963 0.691062 0.052217 0.001000 0.396855 0.691062 2 0.449072 0.691062 2
9 0.426640 0.581746 0.126978 0.049885 0.363151 0.606689 2 0.490129 0.556804 2
9 0.399936 0.581654 0.140512 0.049121 0.329680 0.557093 2 0.470192 0.606214 2
9 0.576539 0.690475 0.052818 0.001000 0.550130 0.690327 2 0.602948 0.690622 2
9 0.600256 0.581943 0.140766 0.050142 0.529873 0.607014 2 0.670639 0.556872 2
9 0.573726 0.581648 0.126956 0.049552 0.510248 0.556872 2 0.637204 0.606424 2
9 0.423028 0.474319 0.051764 0.001096 0.397146 0.473771 2 0.448910 0.474867 2
9 0.576631 0.474319 0.052439 0.001000 0.550411 0.474319 2 0.602850 0.474319 2
9 0.730092 0.473583 0.053564 0.001000 0.703310 0.473446 2 0.756874 0.473720 2
9 0.602146 0.321933 0.103302 0.132609 0.550495 0.255628 2 0.653797 0.388237 2
