8 0.219719 0.332900 0.118579 0.087605 0 0 0 0 0 0
0 0.405870 0.334169 0.122938 0.085066 0 0 0 0 0 0
7 0.587662 0.335439 0.125554 0.092684 0 0 0 0 0 0
7 0.589841 0.487225 0.121194 0.085701 0 0 0 0 0 0
7 0.587662 0.640534 0.125554 0.090144 0 0 0 0 0 0
1 0.769017 0.486272 0.130785 0.092684 0 0 0 0 0 0
2 0.769889 0.333598 0.129041 0.086970 0 0 0 0 0 0
3 0.587662 0.176480 0.129041 0.097762 0 0 0 0 0 0
4 0.407614 0.486272 0.129913 0.091414 0 0 0 0 0 0
0 0.407178 0.643390 0.125554 0.084431 0 0 0 0 0 0
5 0.592457 0.794318 0.135145 0.095223 0 0 0 0 0 0
0 0.589406 0.475798 0.144736 0.462784 0 0 0 0 0 0
9 0.479546 0.565942 0.181356 0.037454 0.388868 0.584669 2 0.570224 0.547215 2
9 0.520089 0.564673 0.178740 0.036185 0.430719 0.546580 2 0.609459 0.582765 2
9 0.711908 0.584987 0.122938 0.075544 0.650439 0.622759 2 0.773377 0.547215 2
9 0.680519 0.508491 0.060161 0.304714 0.650439 0.660848 2 0.710600 0.356134 2
9 0.679647 0.315823 0.058417 0.004444 0.650439 0.313601 2 0.708856 0.318045 2
9 0.708420 0.410729 0.163046 0.034280 0.626897 0.393589 2 0.789943 0.427869 2
9 0.677032 0.412633 0.150839 0.033011 0.601612 0.429139 2 0.752451 0.396128 2
9 0.502651 0.412633 0.149095 0.035550 0.428104 0.430408 2 0.577199 0.394858 2
9 0.472135 0.411364 0.168277 0.035550 0.387996 0.393589 2 0.556273 0.429139 2
9 0.319552 0.335820 0.060161 0.001270 0.289471 0.335185 2 0.349633 0.336455 2
9 0.499164 0.305983 0.058417 0.001270 0.469955 0.305349 2 0.528372 0.306618 2
9 0.500472 0.473893 0.061033 0.277416 0.469955 0.612602 2 0.530988 0.335185 2
9 0.501343 0.502460 0.062777 0.277416 0.469955 0.363752 2 0.532732 0.641168 2
9 0.501343 0.671957 0.062777 0.001000 0.469955 0.672275 2 0.532732 0.671640 2
9 0.469519 0.747818 0.115963 0.095223 0.411538 0.700207 2 0.527501 0.795430 2
9 0.710164 0.226313 0.119451 0.094588 0.650439 0.179019 2 0.769889 0.273608 2
9 0.677904 0.489764 0.061905 0.001904 0.646951 0.490716 2 0.708856 0.488812 2
