3 0.499652 0.244771 0.145072 0.132493 0 0 0 0 0 0
4 0.278109 0.544275 0.146270 0.131752 0 0 0 0 0 0
6 0.278253 0.345166 0.147447 0.134285 0 0 0 0 0 0
0 0.278486 0.743425 0.145573 0.131457 0 0 0 0 0 0
7 0.722229 0.643129 0.145044 0.131433 0 0 0 0 0 0
2 0.722446 0.444382 0.145500 0.132124 0 0 0 0 0 0
7 0.499593 0.642372 0.148658 0.131431 0 0 0 0 0 0
7 0.500053 0.445404 0.148658 0.134280 0 0 0 0 0 0
0 0.499691 0.520823 0.174704 0.401975 0 0 0 0 0 0
9 0.387900 0.376429 0.075639 0.001000 0.350080 0.376429 2 0.425719 0.376429 2
9 0.388224 0.475802 0.075310 0.001000 0.350569 0.475420 2 0.425879 0.476184 2
9 0.388718 0.593257 0.077612 0.001000 0.349912 0.593512 2 0.427524 0.593003 2
9 0.388882 0.693024 0.074652 0.001000 0.351556 0.692770 2 0.426208 0.693279 2
9 0.389047 0.584859 0.076954 0.182228 0.350569 0.675972 2 0.427524 0.493745 2
9 0.388060 0.484964 0.077612 0.183500 0.349254 0.393214 2 0.426866 0.576714 2
9 0.647534 0.297265 0.149304 0.123182 0.572882 0.235674 2 0.722186 0.358856 2
9 0.611030 0.434699 0.076297 0.001000 0.572882 0.434699 2 0.649178 0.434699 2
9 0.635530 0.534466 0.220668 0.047338 0.525196 0.510797 2 0.745864 0.558135 2
9 0.586694 0.535102 0.221655 0.047084 0.475867 0.558644 2 0.697521 0.511560 2
9 0.611030 0.634742 0.076297 0.001000 0.572882 0.634488 2 0.649178 0.634997 2
