8 0.225095 0.578639 0.122555 0.133947 0 0 0 0 0 0
7 0.407387 0.474211 0.125018 0.125694 0 0 0 0 0 0
7 0.409543 0.692272 0.123171 0.123790 0 0 0 0 0 0
1 0.590296 0.691002 0.123787 0.130138 0 0 0 0 0 0
2 0.589372 0.474846 0.125634 0.129503 0 0 0 0 0 0
5 0.771049 0.690367 0.128098 0.123790 0 0 0 0 0 0
3 0.408619 0.254246 0.125018 0.132677 0 0 0 0 0 0
0 0.409543 0.567257 0.145166 0.445281 0 0 0 0 0 0
9 0.317672 0.528130 0.061608 0.001000 0.286868 0.528607 2 0.348476 0.527654 2
9 0.499569 0.474310 0.060684 0.001000 0.469227 0.474310 2 0.529911 0.474310 2
9 0.479854 0.581634 0.182051 0.048899 0.388829 0.557184 2 0.570880 0.606083 2
9 0.520054 0.582427 0.181127 0.048581 0.429490 0.606718 2 0.610617 0.558137 2
9 0.317589 0.637751 0.062840 0.001000 0.286169 0.638227 2 0.349009 0.637275 2
9 0.499024 0.692048 0.061608 0.001000 0.468220 0.691572 2 0.529828 0.692524 2
9 0.679348 0.691266 0.063237 0.001000 0.647729 0.691266 2 0.710966 0.691266 2
9 0.530076 0.323458 0.121692 0.132013 0.469230 0.257452 2 0.590922 0.389465 2
