7 0.063816 0.496653 0.072368 0.154543 0 0 0 0 0 0
7 0.501645 0.080688 0.080921 0.148765 0 0 0 0 0 0
2 0.718092 0.488709 0.069079 0.170430 0 0 0 0 0 0
2 0.287171 0.489431 0.080921 0.145877 0 0 0 0 0 0
2 0.064474 0.073466 0.061842 0.145877 0 0 0 0 0 0
7 0.282895 0.071300 0.072368 0.141544 0 0 0 0 0 0
7 0.501316 0.883732 0.076316 0.168986 0 0 0 0 0 0
7 0.926645 0.488709 0.083553 0.138655 0 0 0 0 0 0
7 0.508553 0.497375 0.088158 0.155987 0 0 0 0 0 0
9 0.065461 0.279282 0.001974 0.285976 0.066447 0.136294 2 0.064474 0.422270 2
9 0.068421 0.276394 0.001316 0.291753 0.069079 0.422270 2 0.067763 0.130517 2
9 0.170395 0.064078 0.169737 0.001000 0.085526 0.064078 2 0.255263 0.064078 2
9 0.396053 0.066967 0.156579 0.001000 0.317763 0.066967 2 0.474342 0.066967 2
9 0.508553 0.280004 0.001000 0.296086 0.508553 0.131961 2 0.508553 0.428048 2
9 0.176316 0.495931 0.157895 0.002889 0.097368 0.494487 2 0.255263 0.497375 2
9 0.395395 0.498097 0.155263 0.004333 0.317763 0.500264 2 0.473026 0.495931 2
9 0.506250 0.686582 0.001974 0.268644 0.505263 0.552260 2 0.507237 0.820904 2
9 0.616118 0.492320 0.161184 0.001444 0.535526 0.491598 2 0.696711 0.493042 2
9 0.822039 0.495931 0.157237 0.002889 0.743421 0.494487 2 0.900658 0.497375 2
