8 0.225533 0.417110 0.122323 0.130014 0 0 0 0 0 0
2 0.590779 0.512163 0.119032 0.119119 0 0 0 0 0 0
7 0.409253 0.251877 0.121485 0.114473 0 0 0 0 0 0
7 0.408021 0.426185 0.121983 0.116120 0 0 0 0 0 0
7 0.409017 0.601600 0.121983 0.116944 0 0 0 0 0 0
3 0.411131 0.772135 0.115679 0.126053 0 0 0 0 0 0
0 0.409568 0.407894 0.140691 0.522312 0 0 0 0 0 0
9 0.288285 0.298364 0.122723 0.107892 0.226924 0.352309 2 0.349647 0.244418 2
9 0.529095 0.342146 0.123949 0.195458 0.467121 0.244418 2 0.591070 0.439875 2
9 0.318660 0.418455 0.062899 0.001000 0.287210 0.418073 2 0.350109 0.418838 2
9 0.500421 0.461678 0.063824 0.001000 0.468508 0.461295 2 0.532333 0.462060 2
9 0.680100 0.505474 0.063362 0.001148 0.648419 0.504900 2 0.711781 0.506048 2
9 0.500189 0.549653 0.065212 0.001000 0.467583 0.549653 2 0.532795 0.549653 2
9 0.288366 0.538752 0.122561 0.107483 0.227085 0.485010 2 0.349647 0.592493 2
9 0.529789 0.670332 0.122561 0.196223 0.468508 0.768443 2 0.591070 0.572220 2
