6 0.229188 0.154668 0.063688 0.103036 0 0 0 0 0 0
6 0.344295 0.149915 0.072745 0.109384 0 0 0 0 0 0
0 0.289518 0.162367 0.258258 0.211444 0 0 0 0 0 0
4 0.231965 0.413854 0.059598 0.102060 0 0 0 0 0 0
7 0.347071 0.625054 0.057845 0.100595 0 0 0 0 0 0
7 0.232137 0.855526 0.058563 0.102606 0 0 0 0 0 0
7 0.496731 0.855231 0.059269 0.102017 0 0 0 0 0 0
0 0.035783 0.422472 0.060479 0.120465 0 0 0 0 0 0
7 0.874090 0.231709 0.058868 0.099032 0 0 0 0 0 0
2 0.624313 0.413630 0.056874 0.095642 0 0 0 0 0 0
2 0.347848 0.856454 0.058108 0.098201 0 0 0 0 0 0
7 0.874355 0.695190 0.058108 0.100348 0 0 0 0 0 0
7 0.624103 0.855918 0.060356 0.104641 0 0 0 0 0 0
7 0.504837 0.412660 0.060677 0.100884 0 0 0 0 0 0
2 0.623622 0.163400 0.056182 0.096055 0 0 0 0 0 0
2 0.347527 0.420441 0.056824 0.097128 0 0 0 0 0 0
7 0.874473 0.369730 0.057145 0.100884 0 0 0 0 0 0
7 0.874194 0.552449 0.061640 0.102494 0 0 0 0 0 0
0 0.345635 0.529986 0.105905 0.388370 0 0 0 0 0 0
0 0.288510 0.852376 0.217586 0.168437 0 0 0 0 0 0
0 0.286264 0.628151 0.256739 0.655509 0 0 0 0 0 0
0 0.565788 0.850231 0.261232 0.217788 0 0 0 0 0 0
0 0.565147 0.284304 0.259948 0.469907 0 0 0 0 0 0
0 0.873554 0.305761 0.119384 0.354039 0 0 0 0 0 0
0 0.875704 0.442817 0.157702 0.707113 0 0 0 0 0 0
0 0.874870 0.432357 0.196084 0.786611 0 0 0 0 0 0
0 0.874453 0.496513 0.235301 0.987448 0 0 0 0 0 0
0 0.425128 0.503487 0.584915 0.993026 0 0 0 0 0 0
9 0.097869 0.255393 0.120365 0.191423 0.037687 0.351104 2 0.158052 0.159682 2
9 0.114522 0.411168 0.084723 0.001000 0.072160 0.411657 2 0.156883 0.410680 2
9 0.262348 0.563037 0.049081 0.147474 0.237808 0.489300 2 0.286889 0.636774 2
9 0.222616 0.626763 0.001169 0.273949 0.222032 0.489788 2 0.223200 0.763738 2
9 0.288495 0.853833 0.049373 0.001000 0.313182 0.853589 2 0.263809 0.854077 2
9 0.346633 0.532761 0.001000 0.070319 0.346487 0.567920 2 0.346779 0.497601 2
9 0.454435 0.561328 0.101959 0.081550 0.505415 0.520553 2 0.403455 0.602103 2
9 0.586193 0.517623 0.363139 0.237325 0.404624 0.636285 2 0.767763 0.398960 2
9 0.734604 0.309841 0.067486 0.001000 0.768347 0.309597 2 0.700861 0.310085 2
9 0.624172 0.298121 0.001000 0.112803 0.624318 0.354523 2 0.624026 0.241720 2
9 0.548652 0.257835 0.087644 0.193376 0.592474 0.161147 2 0.504830 0.354523 2
9 0.454695 0.701506 0.100681 0.071217 0.505036 0.737114 2 0.404354 0.665897 2
9 0.560804 0.854599 0.059975 0.001000 0.590791 0.855052 2 0.530816 0.854145 2
9 0.785641 0.842351 0.176396 0.038103 0.873839 0.823300 2 0.697443 0.861403 2
