6 0.408962 0.270353 0.125561 0.148977 0 0 0 0 0 0
2 0.772172 0.714856 0.096046 0.145681 0 0 0 0 0 0
4 0.409468 0.491487 0.123414 0.149778 0 0 0 0 0 0
8 0.226373 0.710327 0.122392 0.143118 0 0 0 0 0 0
7 0.589915 0.491704 0.123747 0.148038 0 0 0 0 0 0
2 0.772073 0.496155 0.125466 0.135052 0 0 0 0 0 0
3 0.590960 0.707270 0.125010 0.126476 0 0 0 0 0 0
5 0.590197 0.261253 0.091086 0.129894 0 0 0 0 0 0
6 0.407960 0.703867 0.124147 0.115105 0 0 0 0 0 0
9 0.691782 0.593502 0.162380 0.050216 0.610592 0.568394 2 0.772971 0.618610 2
9 0.500342 0.371477 0.180058 0.055127 0.410313 0.343914 2 0.590371 0.399041 2
9 0.489952 0.593993 0.160897 0.052532 0.409503 0.620259 2 0.570401 0.567727 2
9 0.681027 0.705316 0.065751 0.001033 0.648152 0.705832 2 0.713902 0.704799 2
9 0.500437 0.262060 0.061810 0.001000 0.469532 0.262107 2 0.531342 0.262013 2
9 0.681421 0.483620 0.059786 0.001079 0.651528 0.483081 2 0.711314 0.484160 2
9 0.317914 0.705700 0.062027 0.001000 0.286901 0.705755 2 0.348927 0.705644 2
9 0.499607 0.482858 0.061978 0.001000 0.468618 0.482892 2 0.530596 0.482824 2
