8 0.226018 0.692589 0.115781 0.137121 0 0 0 0 0 0
6 0.406156 0.688780 0.132409 0.132043 0 0 0 0 0 0
6 0.409235 0.474846 0.121323 0.129503 0 0 0 0 0 0
7 0.589988 0.473893 0.123171 0.128869 0 0 0 0 0 0
7 0.591528 0.691954 0.123787 0.128234 0 0 0 0 0 0
1 0.772281 0.690367 0.126866 0.131408 0 0 0 0 0 0
2 0.771357 0.474211 0.122555 0.126964 0 0 0 0 0 0
5 0.772896 0.256467 0.123171 0.125694 0 0 0 0 0 0
3 0.589372 0.255833 0.121939 0.129503 0 0 0 0 0 0
0 0.588756 0.569116 0.147805 0.436122 0 0 0 0 0 0
9 0.316857 0.691954 0.059738 0.001270 0.286988 0.692589 2 0.346726 0.691319 2
9 0.500073 0.690050 0.059122 0.001270 0.470512 0.689415 2 0.529634 0.690684 2
9 0.679595 0.690684 0.058506 0.001270 0.650342 0.691319 2 0.708848 0.690050 2
9 0.471744 0.583400 0.166281 0.046977 0.388604 0.606888 2 0.554884 0.559911 2
9 0.504692 0.581813 0.152116 0.046342 0.428634 0.558642 2 0.580750 0.604984 2
9 0.676515 0.584987 0.149652 0.047612 0.601689 0.608793 2 0.751342 0.561181 2
9 0.709464 0.581495 0.165049 0.048246 0.626939 0.557372 2 0.791988 0.605619 2
9 0.682366 0.364387 0.179829 0.048246 0.592451 0.340264 2 0.772281 0.388510 2
9 0.679903 0.257102 0.060354 0.001000 0.649726 0.257102 2 0.710079 0.257102 2
9 0.497610 0.472306 0.060354 0.001270 0.467433 0.471671 2 0.527787 0.472941 2
