0 0.361255 0.180420 0.213966 0.090586 0 0 0 0 0 0
1 0.355108 0.334831 0.189671 0.087740 0 0 0 0 0 0
8 0.355685 0.486714 0.181769 0.094422 0 0 0 0 0 0
0 0.645424 0.495985 0.202002 0.102333 0 0 0 0 0 0
3 0.357777 0.641232 0.191818 0.094080 0 0 0 0 0 0
2 0.643418 0.640407 0.189867 0.092430 0 0 0 0 0 0
4 0.356973 0.794814 0.186309 0.087313 0 0 0 0 0 0
5 0.640338 0.795221 0.186309 0.089800 0 0 0 0 0 0
9 0.500834 0.796382 0.090737 0.003301 0.455465 0.798033 2 0.546202 0.794731 2
9 0.496386 0.641232 0.092516 0.001651 0.450128 0.642057 2 0.542644 0.640407 2
9 0.498165 0.486907 0.096075 0.001651 0.450128 0.487732 2 0.546202 0.486082 2
