7 0.499962 0.752072 0.103681 0.118076 0 0 0 0 0 0
7 0.499333 0.394641 0.105293 0.115899 0 0 0 0 0 0
7 0.499522 0.572339 0.103321 0.114897 0 0 0 0 0 0
2 0.653488 0.393852 0.084205 0.110995 0 0 0 0 0 0
8 0.191888 0.572099 0.103497 0.114368 0 0 0 0 0 0
5 0.806969 0.572598 0.105394 0.117037 0 0 0 0 0 0
0 0.499049 0.551971 0.119193 0.544983 0 0 0 0 0 0
0 0.345235 0.756308 0.107763 0.120230 0 0 0 0 0 0
2 0.499536 0.212910 0.105943 0.110006 0 0 0 0 0 0
1 0.653158 0.568493 0.104577 0.094542 0 0 0 0 0 0
6 0.345994 0.569186 0.103603 0.103044 0 0 0 0 0 0
4 0.342912 0.388063 0.109873 0.097328 0 0 0 0 0 0
9 0.602468 0.679959 0.103376 0.087051 0.550780 0.723485 2 0.654156 0.636434 2
9 0.440287 0.657382 0.153277 0.042194 0.363648 0.636285 2 0.516925 0.678479 2
9 0.403403 0.659824 0.157524 0.045939 0.324641 0.682793 2 0.482165 0.636854 2
9 0.400069 0.477891 0.141696 0.042157 0.329221 0.456813 2 0.470918 0.498969 2
9 0.415709 0.543488 0.081691 0.233959 0.374864 0.660468 2 0.456555 0.426509 2
9 0.576368 0.590531 0.051179 0.357025 0.550778 0.769044 2 0.601957 0.412019 2
9 0.600457 0.479291 0.141981 0.039325 0.529467 0.459628 2 0.671448 0.498954 2
9 0.602932 0.265248 0.102811 0.110368 0.551526 0.210064 2 0.654337 0.320431 2
9 0.426533 0.479148 0.127049 0.042647 0.363009 0.500472 2 0.490058 0.457825 2
9 0.422675 0.781325 0.051150 0.001000 0.397100 0.781684 2 0.448250 0.780967 2
9 0.575269 0.366139 0.048997 0.001000 0.550770 0.366277 2 0.599767 0.366001 2
9 0.270745 0.567994 0.042815 0.001959 0.249337 0.568974 2 0.292152 0.567015 2
9 0.575840 0.568237 0.048446 0.001000 0.551617 0.568356 2 0.600063 0.568119 2
9 0.729332 0.567986 0.050242 0.001429 0.704211 0.567272 2 0.754453 0.568701 2
9 0.420653 0.355388 0.050820 0.001602 0.395243 0.354587 2 0.446063 0.356189 2
9 0.573675 0.479687 0.128236 0.042492 0.509557 0.500933 2 0.637794 0.458441 2
9 0.422546 0.569365 0.050421 0.001000 0.397336 0.568903 2 0.447757 0.569828 2
9 0.422360 0.585095 0.052242 0.322967 0.396239 0.423612 2 0.448481 0.746578 2
9 0.423098 0.550407 0.052368 0.323217 0.396915 0.712016 2 0.449282 0.388799 2
