8 0.121007 0.534860 0.055483 0.094588 0 0 0 0 0 0
8 0.078799 0.195231 0.045271 0.092049 0 0 0 0 0 0
3 0.273395 0.533642 0.046796 0.089633 0 0 0 0 0 0
6 0.480059 0.601064 0.046800 0.101831 0 0 0 0 0 0
4 0.633225 0.602387 0.052473 0.085961 0 0 0 0 0 0
4 0.535544 0.202433 0.024331 0.047230 0 0 0 0 0 0
2 0.930957 0.381470 0.050540 0.098251 0 0 0 0 0 0
0 0.561996 0.601375 0.321228 0.333210 0 0 0 0 0 0
6 0.426774 0.204262 0.047113 0.091290 0 0 0 0 0 0
7 0.610027 0.197986 0.055068 0.094714 0 0 0 0 0 0
7 0.778901 0.199127 0.058739 0.096996 0 0 0 0 0 0
0 0.427080 0.197986 0.156637 0.284141 0 0 0 0 0 0
0 0.599625 0.195133 0.183559 0.269307 0 0 0 0 0 0
0 0.778289 0.199127 0.156637 0.286423 0 0 0 0 0 0
7 0.927278 0.204262 0.064246 0.102702 0 0 0 0 0 0
7 0.172545 0.197415 0.052620 0.089008 0 0 0 0 0 0
0 0.127267 0.215103 0.192125 0.222520 0 0 0 0 0 0
0 0.595692 0.432814 0.548054 0.810202 0 0 0 0 0 0
6 0.360597 0.420939 0.040125 0.087634 0 0 0 0 0 0
9 0.123620 0.200597 0.044729 0.002634 0.101256 0.199280 2 0.145985 0.201914 2
9 0.227557 0.201475 0.057677 0.001000 0.256396 0.201475 2 0.198719 0.201475 2
9 0.199200 0.540180 0.097145 0.002954 0.150627 0.538703 2 0.247772 0.541657 2
9 0.357060 0.540180 0.114040 0.001000 0.300040 0.539688 2 0.414080 0.540672 2
9 0.535352 0.330843 0.002112 0.204808 0.534296 0.433247 2 0.536408 0.228439 2
9 0.343439 0.202346 0.105064 0.001000 0.290906 0.202838 2 0.395971 0.201854 2
9 0.487836 0.199392 0.068635 0.004923 0.453518 0.201854 2 0.522153 0.196930 2
9 0.694269 0.200869 0.038013 0.001969 0.713275 0.199884 2 0.675262 0.201854 2
9 0.665495 0.351028 0.108232 0.089603 0.719611 0.395830 2 0.611379 0.306227 2
9 0.871706 0.199392 0.057020 0.002954 0.843196 0.197915 2 0.900215 0.200869 2
9 0.875929 0.393861 0.058076 0.001969 0.846891 0.392876 2 0.904967 0.394845 2
