8 0.065563 0.905507 0.091515 0.129567 0 0 0 0 0 0
5 0.787784 0.619140 0.097662 0.113061 0 0 0 0 0 0
2 0.780954 0.250881 0.093564 0.110586 0 0 0 0 0 0
2 0.783686 0.435741 0.092198 0.112236 0 0 0 0 0 0
6 0.781637 0.064783 0.094930 0.116363 0 0 0 0 0 0
7 0.468504 0.215395 0.088784 0.110586 0 0 0 0 0 0
7 0.605094 0.402730 0.088784 0.108935 0 0 0 0 0 0
7 0.468504 0.402317 0.088784 0.109760 0 0 0 0 0 0
7 0.467480 0.587177 0.090832 0.103158 0 0 0 0 0 0
2 0.334646 0.779654 0.088784 0.110586 0 0 0 0 0 0
4 0.202153 0.782130 0.091515 0.108935 0 0 0 0 0 0
7 0.334646 0.493097 0.091515 0.111411 0 0 0 0 0 0
6 0.604753 0.888589 0.092198 0.105634 0 0 0 0 0 0
0 0.267717 0.773275 0.237667 0.188161 0 0 0 0 0 0
0 0.604412 0.878083 0.114736 0.194763 0 0 0 0 0 0
0 0.864696 0.616887 0.270608 0.190637 0 0 0 0 0 0
0 0.781979 0.329281 0.107906 0.374671 0 0 0 0 0 0
0 0.472261 0.379210 0.391331 0.608221 0 0 0 0 0 0
7 0.944180 0.625552 0.090832 0.117188 0 0 0 0 0 0
9 0.134883 0.837423 0.049855 0.003301 0.109955 0.839073 2 0.159810 0.835772 2
9 0.336695 0.909221 0.449382 0.001000 0.112004 0.909221 2 0.561386 0.909221 2
9 0.513238 0.745405 0.096296 0.175782 0.465090 0.657514 2 0.561386 0.833296 2
9 0.401234 0.539724 0.047124 0.001651 0.377672 0.538899 2 0.424795 0.540549 2
9 0.245179 0.603682 0.088784 0.215395 0.200788 0.711380 2 0.289571 0.495985 2
9 0.380404 0.320616 0.088784 0.208792 0.336012 0.425012 2 0.424795 0.216220 2
9 0.604412 0.315252 0.269083 0.024758 0.469870 0.327631 2 0.738953 0.302873 2
9 0.538165 0.425425 0.050538 0.002476 0.512896 0.426663 2 0.563434 0.424187 2
9 0.625924 0.512490 0.314840 0.077575 0.468504 0.473703 2 0.783345 0.551278 2
9 0.672707 0.527758 0.132492 0.114712 0.606460 0.470402 2 0.738953 0.585114 2
9 0.625242 0.435328 0.226057 0.373846 0.512213 0.248405 2 0.738270 0.622251 2
9 0.862908 0.625139 0.073076 0.001000 0.826371 0.624727 2 0.899446 0.625552 2
9 0.626607 0.208380 0.230154 0.335883 0.511530 0.376321 2 0.741685 0.040438 2
9 0.672365 0.209618 0.131810 0.245929 0.606460 0.332582 2 0.738270 0.086653 2
9 0.646413 0.147723 0.276595 0.023107 0.508115 0.159276 2 0.784711 0.136169 2
