8 0.277418 0.598377 0.148539 0.122140 0 0 0 0 0 0
7 0.499791 0.289107 0.151860 0.121662 0 0 0 0 0 0
0 0.501378 0.484006 0.177902 0.633264 0 0 0 0 0 0
7 0.499987 0.704787 0.151433 0.120578 0 0 0 0 0 0
7 0.500509 0.497114 0.150893 0.118646 0 0 0 0 0 0
1 0.720860 0.497590 0.152032 0.106531 0 0 0 0 0 0
5 0.725871 0.290355 0.142720 0.118019 0 0 0 0 0 0
3 0.276123 0.396239 0.155184 0.079527 0 0 0 0 0 0
9 0.646401 0.639097 0.157910 0.128127 0.567446 0.703161 2 0.725356 0.575033 2
9 0.386845 0.549724 0.081138 0.190945 0.346276 0.454252 2 0.427414 0.645197 2
9 0.389239 0.445849 0.075495 0.189681 0.351492 0.540689 2 0.426987 0.351008 2
9 0.611532 0.394000 0.220830 0.048906 0.501117 0.369547 2 0.721947 0.418453 2
9 0.611123 0.290485 0.075607 0.001000 0.573320 0.290430 2 0.648927 0.290539 2
9 0.389182 0.662361 0.075837 0.001000 0.351264 0.662006 2 0.427100 0.662715 2
9 0.387973 0.437409 0.075862 0.001000 0.350042 0.437464 2 0.425904 0.437354 2
9 0.609343 0.498157 0.072889 0.001000 0.572898 0.498363 2 0.645787 0.497950 2
9 0.388546 0.558458 0.075567 0.001000 0.350762 0.558757 2 0.426329 0.558158 2
9 0.378213 0.333173 0.073196 0.001910 0.341615 0.332218 2 0.414811 0.334128 2
