4 0.409690 0.269508 0.123519 0.146635 0 0 0 0 0 0
8 0.227049 0.713525 0.120960 0.146884 0 0 0 0 0 0
0 0.408245 0.494435 0.127140 0.147914 0 0 0 0 0 0
7 0.590030 0.491712 0.123030 0.146142 0 0 0 0 0 0
4 0.591161 0.268306 0.118966 0.139285 0 0 0 0 0 0
1 0.772126 0.713544 0.123308 0.150287 0 0 0 0 0 0
5 0.773244 0.493647 0.117784 0.143330 0 0 0 0 0 0
6 0.406867 0.712263 0.117414 0.148053 0 0 0 0 0 0
2 0.773995 0.259300 0.121293 0.130871 0 0 0 0 0 0
5 0.744531 0.490982 0.061129 0.004132 0 0 0 0 0 0
9 0.692210 0.372425 0.161771 0.054430 0.611324 0.399640 2 0.773095 0.345210 2
9 0.491061 0.370986 0.160755 0.055423 0.410683 0.343275 2 0.571438 0.398697 2
9 0.661684 0.649806 0.102091 0.166306 0.610639 0.566653 2 0.712730 0.732959 2
9 0.518659 0.623703 0.104092 0.113741 0.466613 0.680573 2 0.570705 0.566832 2
9 0.680790 0.483732 0.062378 0.002921 0.649601 0.485192 2 0.711979 0.482271 2
9 0.679484 0.261462 0.059399 0.001000 0.649785 0.261848 2 0.709184 0.261076 2
9 0.318152 0.705503 0.055005 0.001263 0.290650 0.706134 2 0.345655 0.704871 2
9 0.497537 0.482692 0.063065 0.002223 0.466005 0.483803 2 0.529069 0.481580 2
