3 0.346075 0.297731 0.188052 0.139660 0 0 0 0 0 0
7 0.624216 0.298366 0.187068 0.135852 0 0 0 0 0 0
7 0.625200 0.506904 0.185099 0.140295 0 0 0 0 0 0
7 0.623231 0.712903 0.187068 0.132043 0 0 0 0 0 0
4 0.347552 0.713538 0.185099 0.139660 0 0 0 0 0 0
6 0.347060 0.507856 0.190021 0.139660 0 0 0 0 0 0
0 0.624497 0.481862 0.216605 0.626363 0 0 0 0 0 0
9 0.484830 0.744281 0.093076 0.001000 0.438292 0.744599 2 0.531368 0.743963 2
9 0.486308 0.478988 0.096030 0.375633 0.438292 0.666805 2 0.534323 0.291171 2
9 0.455529 0.393732 0.279719 0.048899 0.315669 0.369283 2 0.595388 0.418182 2
9 0.515609 0.393574 0.274795 0.046676 0.378212 0.416912 2 0.653006 0.370235 2
9 0.486308 0.517409 0.094060 0.375633 0.439277 0.329592 2 0.533338 0.705225 2
9 0.515609 0.600283 0.275779 0.047946 0.377719 0.576310 2 0.653499 0.624256 2
9 0.455529 0.602188 0.275779 0.049217 0.317639 0.626796 2 0.593418 0.577580 2
9 0.485323 0.497246 0.094060 0.001000 0.438292 0.497563 2 0.532353 0.496928 2
