2 0.876835 0.473501 0.117984 0.218968 0 0 0 0 0 0
3 0.584556 0.255927 0.196640 0.165969 0 0 0 0 0 0
7 0.588132 0.747559 0.203790 0.156206 0 0 0 0 0 0
7 0.215410 0.751743 0.198427 0.164575 0 0 0 0 0 0
8 0.213175 0.238494 0.077762 0.175732 0 0 0 0 0 0
9 0.212282 0.493026 0.004469 0.358438 0.214516 0.313808 2 0.210047 0.672245 2
9 0.401324 0.753138 0.185914 0.008368 0.308367 0.748954 2 0.494281 0.757322 2
9 0.566680 0.505579 0.001788 0.344491 0.567574 0.333333 2 0.565786 0.677824 2
9 0.590366 0.511855 0.001000 0.345886 0.589919 0.684798 2 0.590813 0.338912 2
9 0.782090 0.661088 0.198427 0.184100 0.682876 0.753138 2 0.881304 0.569038 2
