7 0.204868 0.235704 0.092580 0.150628 0 0 0 0 0 0
7 0.483066 0.517434 0.093497 0.139470 0 0 0 0 0 0
2 0.813971 0.232218 0.054998 0.093445 0 0 0 0 0 0
5 0.644394 0.774756 0.093497 0.143654 0 0 0 0 0 0
7 0.392778 0.234310 0.096247 0.147838 0 0 0 0 0 0
7 0.642560 0.516736 0.095330 0.146444 0 0 0 0 0 0
7 0.813971 0.513947 0.102663 0.160391 0 0 0 0 0 0
2 0.643477 0.232915 0.098996 0.156206 0 0 0 0 0 0
8 0.042165 0.235704 0.069664 0.117155 0 0 0 0 0 0
0 0.631102 0.506974 0.673726 0.894003 0 0 0 0 0 0
0 0.552248 0.502092 0.895504 0.990237 0 0 0 0 0 0
9 0.118106 0.235311 0.089221 0.002442 0.073495 0.236532 2 0.162716 0.234090 2
9 0.296869 0.234090 0.096282 0.001000 0.248728 0.234090 2 0.345009 0.234090 2
9 0.517193 0.233114 0.158223 0.001953 0.438082 0.234090 2 0.596305 0.232137 2
9 0.737197 0.233114 0.098849 0.001000 0.687772 0.233114 2 0.786622 0.233114 2
9 0.642841 0.416968 0.001284 0.056157 0.642199 0.445046 2 0.643483 0.388889 2
9 0.727890 0.516585 0.078309 0.001465 0.688735 0.515853 2 0.767044 0.517318 2
9 0.561001 0.515121 0.070607 0.001000 0.525698 0.515365 2 0.596305 0.514876 2
9 0.415456 0.436073 0.049746 0.161147 0.390583 0.355499 2 0.440328 0.516646 2
9 0.493283 0.563525 0.207968 0.414098 0.389299 0.356476 2 0.597268 0.770574 2
9 0.643001 0.667782 0.001000 0.068854 0.642841 0.633355 2 0.643162 0.702209 2
