4 0.479504 0.325568 0.068603 0.080051 0 0 0 0 0 0
7 0.538817 0.525282 0.068603 0.081701 0 0 0 0 0 0
7 0.312285 0.526520 0.062886 0.077575 0 0 0 0 0 0
7 0.764634 0.531472 0.068603 0.079226 0 0 0 0 0 0
7 0.545248 0.749342 0.065744 0.077575 0 0 0 0 0 0
7 0.463425 0.746453 0.066459 0.071798 0 0 0 0 0 0
7 0.314429 0.749342 0.057169 0.069322 0 0 0 0 0 0
7 0.233321 0.747279 0.062171 0.070148 0 0 0 0 0 0
7 0.681025 0.746453 0.067173 0.075099 0 0 0 0 0 0
7 0.762133 0.746453 0.062171 0.075099 0 0 0 0 0 0
2 0.235107 0.527345 0.055740 0.079226 0 0 0 0 0 0
2 0.459138 0.526107 0.060742 0.081701 0 0 0 0 0 0
2 0.685312 0.526520 0.051452 0.077575 0 0 0 0 0 0
0 0.276555 0.539312 0.181511 0.177432 0 0 0 0 0 0
0 0.503444 0.544676 0.190801 0.176607 0 0 0 0 0 0
0 0.722115 0.536010 0.190801 0.182384 0 0 0 0 0 0
0 0.725331 0.753881 0.194374 0.202190 0 0 0 0 0 0
0 0.503444 0.754706 0.187943 0.203841 0 0 0 0 0 0
0 0.274411 0.755531 0.190087 0.205491 0 0 0 0 0 0
0 0.278341 0.675481 0.216527 0.520743 0 0 0 0 0 0
0 0.501657 0.675893 0.220100 0.523219 0 0 0 0 0 0
0 0.724259 0.676718 0.217956 0.526520 0 0 0 0 0 0
0 0.500228 0.676306 0.734621 0.573560 0 0 0 0 0 0
0 0.497370 0.644009 0.770351 0.687224 0 0 0 0 0 0
8 0.478432 0.164228 0.073605 0.062720 0 0 0 0 0 0
9 0.478075 0.244279 0.001429 0.074274 0.477360 0.207142 2 0.478790 0.281416 2
9 0.483077 0.240978 0.002858 0.075925 0.484507 0.278940 2 0.481648 0.203016 2
9 0.615280 0.370545 0.208667 0.090779 0.510947 0.325155 2 0.719614 0.415934 2
9 0.478075 0.389526 0.001429 0.049516 0.478790 0.364768 2 0.477360 0.414284 2
9 0.364809 0.372195 0.160788 0.089129 0.445203 0.327631 2 0.284415 0.416760 2
9 0.254402 0.667418 0.040018 0.075925 0.274411 0.629455 2 0.234393 0.705380 2
9 0.295492 0.665767 0.029299 0.072623 0.280842 0.629455 2 0.310141 0.702079 2
9 0.296206 0.669481 0.036445 0.071798 0.314429 0.705380 2 0.277984 0.633582 2
9 0.257260 0.671957 0.030014 0.070148 0.242253 0.707030 2 0.272267 0.636883 2
9 0.483077 0.665354 0.032872 0.071798 0.466641 0.701254 2 0.499513 0.629455 2
9 0.524882 0.667418 0.035016 0.075925 0.507374 0.629455 2 0.542390 0.705380 2
9 0.527026 0.665767 0.032158 0.069322 0.543105 0.700428 2 0.510947 0.631106 2
9 0.483792 0.671131 0.027155 0.071798 0.497370 0.635232 2 0.470214 0.707030 2
9 0.701391 0.664942 0.036445 0.077575 0.683168 0.703729 2 0.719614 0.626154 2
9 0.743553 0.665767 0.035016 0.072623 0.726045 0.629455 2 0.761061 0.702079 2
9 0.737122 0.666592 0.035016 0.070973 0.754630 0.702079 2 0.719614 0.631106 2
9 0.703892 0.665354 0.022868 0.075099 0.715326 0.627805 2 0.692458 0.702904 2
