2 0.927442 0.209902 0.107197 0.199442 0 0 0 0 0 0
2 0.933185 0.420502 0.109111 0.188285 0 0 0 0 0 0
2 0.581925 0.887727 0.091883 0.143654 0 0 0 0 0 0
7 0.757076 0.701534 0.206736 0.105997 0 0 0 0 0 0
7 0.205301 0.578801 0.345518 0.259414 0 0 0 0 0 0
7 0.202502 0.299925 0.336093 0.189550 0 0 0 0 0 0
7 0.200037 0.150420 0.344561 0.093445 0 0 0 0 0 0
7 0.718919 0.186854 0.233721 0.075817 0 0 0 0 0 0
7 0.665650 0.331268 0.379900 0.128769 0 0 0 0 0 0
7 0.666889 0.447401 0.382377 0.081835 0 0 0 0 0 0
7 0.563242 0.706358 0.168477 0.089055 0 0 0 0 0 0
0 0.235785 0.405563 0.441840 0.726885 0 0 0 0 0 0
0 0.666889 0.330347 0.408805 0.422411 0 0 0 0 0 0
0 0.669779 0.702747 0.414586 0.226249 0 0 0 0 0 0
9 0.584302 0.779768 0.002478 0.101090 0.585541 0.830313 2 0.583063 0.729223 2
9 0.590083 0.781574 0.004129 0.095073 0.588018 0.734037 2 0.592148 0.829110 2
9 0.675973 0.807448 0.104885 0.154042 0.623531 0.730427 2 0.728416 0.884469 2
9 0.676799 0.806846 0.113144 0.143211 0.733371 0.878451 2 0.620227 0.735241 2
9 0.757734 0.788193 0.002478 0.144414 0.756496 0.715985 2 0.758973 0.860400 2
9 0.763928 0.791201 0.001000 0.143211 0.763928 0.862807 2 0.763928 0.719596 2
9 0.830824 0.581801 0.001000 0.213011 0.830824 0.688306 2 0.830824 0.475295 2
9 0.824217 0.583004 0.001652 0.210604 0.823391 0.477702 2 0.825043 0.688306 2
9 0.870465 0.401283 0.046249 0.073411 0.847341 0.364578 2 0.893590 0.437988 2
9 0.875834 0.392859 0.045423 0.068597 0.898545 0.427157 2 0.853122 0.358560 2
9 0.723461 0.397673 0.001652 0.051748 0.722635 0.423547 2 0.724287 0.371798 2
9 0.729242 0.401283 0.001000 0.054155 0.729242 0.374205 2 0.729242 0.428361 2
9 0.871704 0.293574 0.050378 0.064986 0.846515 0.326067 2 0.896893 0.261081 2
9 0.872943 0.292371 0.037990 0.072207 0.891938 0.256267 2 0.853948 0.328474 2
9 0.702814 0.247843 0.001652 0.052952 0.703640 0.274319 2 0.701988 0.221367 2
9 0.706531 0.248445 0.001000 0.061376 0.706943 0.217757 2 0.706118 0.279133 2
9 0.469919 0.354950 0.222985 0.002407 0.581411 0.353747 2 0.358427 0.356153 2
9 0.469093 0.353145 0.221333 0.010831 0.358427 0.347729 2 0.579760 0.358560 2
9 0.704053 0.125761 0.004129 0.054155 0.701988 0.098683 2 0.706118 0.152838 2
9 0.703640 0.128168 0.008259 0.056562 0.699511 0.156449 2 0.707769 0.099886 2
9 0.255193 0.430234 0.001652 0.126362 0.256019 0.493415 2 0.254368 0.367053 2
9 0.262213 0.429632 0.002478 0.120345 0.263452 0.369460 2 0.260974 0.489805 2
9 0.158567 0.203383 0.001652 0.062579 0.157741 0.234673 2 0.159393 0.172094 2
9 0.161044 0.203985 0.003303 0.058969 0.159393 0.174500 2 0.162696 0.233470 2
