6 0.406796 0.396374 0.123998 0.109982 0 0 0 0 0 0
6 0.407443 0.214179 0.123680 0.107317 0 0 0 0 0 0
8 0.226468 0.397535 0.120465 0.113116 0 0 0 0 0 0
7 0.586896 0.288070 0.125385 0.077313 0 0 0 0 0 0
4 0.407533 0.576510 0.126170 0.110209 0 0 0 0 0 0
3 0.408326 0.763996 0.115268 0.125290 0 0 0 0 0 0
0 0.588354 0.476626 0.149403 0.556426 0 0 0 0 0 0
1 0.770563 0.488912 0.124197 0.114152 0 0 0 0 0 0
7 0.586406 0.651153 0.125122 0.076655 0 0 0 0 0 0
7 0.586864 0.470805 0.125342 0.077342 0 0 0 0 0 0
9 0.711334 0.612358 0.124018 0.111438 0.649325 0.668077 2 0.773343 0.556639 2
9 0.499116 0.343938 0.063035 0.169188 0.467599 0.259344 2 0.530634 0.428532 2
9 0.499444 0.627573 0.061700 0.169475 0.468594 0.712311 2 0.530294 0.542836 2
9 0.499138 0.537379 0.063349 0.169629 0.467464 0.452564 2 0.530813 0.622194 2
9 0.499045 0.435099 0.062744 0.169072 0.467674 0.519635 2 0.530417 0.350563 2
9 0.711011 0.359793 0.124380 0.111030 0.648821 0.304278 2 0.773201 0.415308 2
9 0.498615 0.247934 0.060908 0.001000 0.468161 0.247536 2 0.529069 0.248331 2
9 0.499119 0.634135 0.059997 0.001000 0.469120 0.634245 2 0.529118 0.634025 2
9 0.498991 0.724432 0.060889 0.001000 0.468547 0.724521 2 0.529436 0.724342 2
9 0.498467 0.338215 0.062444 0.001000 0.467245 0.338425 2 0.529689 0.338004 2
9 0.679040 0.486011 0.061857 0.001000 0.648112 0.486190 2 0.709968 0.485833 2
9 0.317625 0.396437 0.060722 0.001044 0.287264 0.396959 2 0.347986 0.395915 2
9 0.499565 0.440670 0.062137 0.001000 0.468496 0.440780 2 0.530633 0.440560 2
9 0.498216 0.530864 0.064510 0.001000 0.465961 0.530425 2 0.530470 0.531304 2
9 0.499786 0.530587 0.061615 0.339122 0.468978 0.700148 2 0.530593 0.361026 2
9 0.499157 0.440686 0.062873 0.340563 0.467721 0.270404 2 0.530593 0.610967 2
