2 0.590217 0.338554 0.127247 0.184882 0 0 0 0 0 0
6 0.227136 0.631758 0.124793 0.186380 0 0 0 0 0 0
7 0.409123 0.621807 0.123627 0.168510 0 0 0 0 0 0
5 0.771195 0.619236 0.124564 0.169720 0 0 0 0 0 0
1 0.589383 0.619564 0.124009 0.172565 0 0 0 0 0 0
4 0.408481 0.331157 0.123929 0.172622 0 0 0 0 0 0
9 0.499982 0.479905 0.200423 0.089204 0.409771 0.514507 2 0.590194 0.445303 2
9 0.499856 0.621004 0.079509 0.020448 0.470101 0.621228 2 0.529610 0.620779 2
9 0.679137 0.620674 0.078525 0.021006 0.649875 0.621177 2 0.708400 0.620172 2
9 0.318281 0.621627 0.081480 0.020496 0.287541 0.621380 2 0.349021 0.621875 2
9 0.498772 0.336156 0.078897 0.020114 0.469324 0.336099 2 0.528221 0.336213 2