2 0.742442 0.770592 0.069130 0.149762 0 0 0 0 0 0
7 0.180481 0.319265 0.078414 0.162015 0 0 0 0 0 0
7 0.407621 0.320626 0.071285 0.153846 0 0 0 0 0 0
7 0.661331 0.322668 0.077117 0.160654 0 0 0 0 0 0
7 0.922170 0.319946 0.073877 0.155208 0 0 0 0 0 0
8 0.045039 0.775357 0.078414 0.111641 0 0 0 0 0 0
0 0.555052 0.338325 0.883287 0.386658 0 0 0 0 0 0
9 0.096307 0.513727 0.119994 0.401732 0.046310 0.704593 2 0.146304 0.322861 2
9 0.278745 0.630850 0.215859 0.311257 0.180816 0.485221 2 0.376675 0.776478 2
9 0.409416 0.681975 0.021180 0.063998 0.410006 0.659975 2 0.408827 0.703974 2
9 0.409122 0.512178 0.020590 0.076392 0.409416 0.540374 2 0.408827 0.483982 2
9 0.552661 0.629350 0.240879 0.307959 0.442221 0.773330 2 0.663101 0.485371 2
9 0.718668 0.515042 0.067232 0.402324 0.695052 0.323880 2 0.742284 0.706204 2
9 0.848787 0.628937 0.168179 0.306986 0.774698 0.772430 2 0.922877 0.485444 2