5 0.771496 0.396313 0.121587 0.122469 0 0 0 0 0 0
2 0.590661 0.396246 0.123701 0.121279 0 0 0 0 0 0
2 0.408717 0.218002 0.123082 0.117995 0 0 0 0 0 0
7 0.408270 0.573598 0.117888 0.110808 0 0 0 0 0 0
0 0.226909 0.756539 0.127602 0.121328 0 0 0 0 0 0
0 0.409434 0.554903 0.141854 0.542409 0 0 0 0 0 0
7 0.409682 0.395444 0.115713 0.112437 0 0 0 0 0 0
6 0.227528 0.576191 0.122931 0.119851 0 0 0 0 0 0
1 0.590732 0.576076 0.123569 0.123805 0 0 0 0 0 0
7 0.410219 0.750128 0.115066 0.107807 0 0 0 0 0 0
4 0.228016 0.390862 0.120626 0.106401 0 0 0 0 0 0
9 0.526841 0.679688 0.148147 0.107906 0.462767 0.723641 2 0.590915 0.635734 2
9 0.299105 0.655743 0.201333 0.060592 0.208438 0.635447 2 0.389772 0.676038 2
9 0.291127 0.478750 0.185885 0.063566 0.208184 0.500533 2 0.374070 0.456967 2
9 0.499415 0.590649 0.082658 0.376367 0.468085 0.768832 2 0.530744 0.412465 2
9 0.318524 0.551359 0.082396 0.344125 0.287326 0.713422 2 0.349722 0.389297 2
9 0.528124 0.478414 0.186480 0.062148 0.444884 0.457340 2 0.611363 0.499488 2
9 0.338253 0.657025 0.202635 0.060072 0.246935 0.677061 2 0.429570 0.636990 2
9 0.529330 0.265745 0.140117 0.126637 0.469271 0.212427 2 0.589388 0.319064 2
9 0.678667 0.389884 0.077436 0.020996 0.649949 0.390382 2 0.707385 0.389386 2
9 0.318772 0.781552 0.078881 0.020406 0.289332 0.781756 2 0.348213 0.781349 2
9 0.498695 0.365795 0.080913 0.020424 0.468239 0.365583 2 0.529152 0.366007 2
9 0.498366 0.568509 0.079559 0.020827 0.468586 0.568923 2 0.528145 0.568096 2
9 0.315784 0.569233 0.075064 0.021484 0.288252 0.569975 2 0.343316 0.568491 2
9 0.316869 0.355457 0.077554 0.020615 0.288092 0.355150 2 0.345646 0.355765 2
9 0.317969 0.585186 0.081404 0.343225 0.287267 0.423574 2 0.348671 0.746798 2
9 0.322478 0.478474 0.169430 0.060721 0.247763 0.458114 2 0.397193 0.498835 2
9 0.495525 0.477566 0.169430 0.059630 0.420810 0.497381 2 0.570240 0.457750 2