6 0.093685 0.319508 0.072536 0.128115 0 0 0 0 0 0
6 0.405669 0.311053 0.062630 0.107432 0 0 0 0 0 0
6 0.696754 0.276699 0.065476 0.108681 0 0 0 0 0 0
6 0.696398 0.744537 0.066188 0.113678 0 0 0 0 0 0
2 0.826995 0.738291 0.056936 0.108681 0 0 0 0 0 0
2 0.828063 0.272337 0.059071 0.111179 0 0 0 0 0 0
8 0.092877 0.491573 0.046260 0.094940 0 0 0 0 0 0
8 0.095012 0.588386 0.061918 0.081198 0 0 0 0 0 0
7 0.907417 0.740790 0.059783 0.108681 0 0 0 0 0 0
7 0.910620 0.269838 0.060494 0.111179 0 0 0 0 0 0
0 0.406025 0.548412 0.278275 0.883189 0 0 0 0 0 0
0 0.093589 0.554658 0.187177 0.888186 0 0 0 0 0 0
2 0.828774 0.873830 0.060494 0.107432 0 0 0 0 0 0
2 0.826639 0.401005 0.061918 0.101186 0 0 0 0 0 0
6 0.908129 0.396008 0.058359 0.106183 0 0 0 0 0 0
6 0.909908 0.873205 0.066188 0.093691 0 0 0 0 0 0
0 0.868985 0.803250 0.182195 0.331040 0 0 0 0 0 0
0 0.699957 0.802625 0.107467 0.327292 0 0 0 0 0 0
0 0.698889 0.332299 0.108178 0.326043 0 0 0 0 0 0
0 0.868985 0.337920 0.185042 0.319797 0 0 0 0 0 0
0 0.803153 0.782638 0.390723 0.419734 0 0 0 0 0 0
0 0.802086 0.304816 0.395705 0.440970 0 0 0 0 0 0
9 0.225609 0.359781 0.106827 0.021249 0.182195 0.359157 2 0.269022 0.360406 2
9 0.217068 0.574645 0.170880 0.023748 0.141628 0.576519 2 0.292509 0.572771 2
9 0.579324 0.357283 0.086900 0.026246 0.545874 0.354160 2 0.612773 0.360406 2
9 0.577900 0.697692 0.086900 0.020000 0.544450 0.697692 2 0.611350 0.697692 2
9 0.764010 0.803874 0.053450 0.020000 0.747285 0.803874 2 0.780735 0.803874 2
9 0.763298 0.337920 0.054873 0.020000 0.745861 0.337920 2 0.780735 0.337920 2