8 0.192704 0.393305 0.104456 0.128312 0 0 0 0 0 0
2 0.648949 0.387029 0.109259 0.121339 0 0 0 0 0 0
1 0.654352 0.599721 0.105657 0.122734 0 0 0 0 0 0
5 0.804433 0.387727 0.115262 0.128312 0 0 0 0 0 0
6 0.345186 0.391911 0.111660 0.131102 0 0 0 0 0 0
4 0.345186 0.601813 0.111660 0.132497 0 0 0 0 0 0
7 0.500069 0.290795 0.111660 0.118550 0 0 0 0 0 0
7 0.497668 0.492329 0.104456 0.125523 0 0 0 0 0 0
7 0.499469 0.699442 0.112861 0.124128 0 0 0 0 0 0
0 0.496467 0.479079 0.128469 0.637378 0 0 0 0 0 0
9 0.268677 0.392965 0.071707 0.020000 0.242824 0.392965 2 0.294530 0.392965 2
9 0.422746 0.333878 0.069605 0.020977 0.397944 0.333389 2 0.447549 0.334366 2
9 0.424218 0.436914 0.072547 0.020000 0.397944 0.436914 2 0.450491 0.436914 2
9 0.423167 0.444727 0.072968 0.210446 0.396683 0.539950 2 0.449651 0.349504 2
9 0.577236 0.332169 0.070866 0.021465 0.551803 0.331436 2 0.602669 0.332901 2
9 0.575554 0.446436 0.072547 0.208981 0.549280 0.351946 2 0.601828 0.540927 2
9 0.423322 0.557909 0.072127 0.020488 0.397259 0.557665 2 0.449386 0.558154 2
9 0.422902 0.550096 0.072968 0.209958 0.396418 0.455117 2 0.449386 0.645075 2
9 0.422061 0.662166 0.072968 0.020977 0.395577 0.662655 2 0.448545 0.661678 2
9 0.577391 0.550340 0.071707 0.207516 0.551538 0.644098 2 0.603245 0.456582 2
9 0.576340 0.436317 0.072127 0.022442 0.550277 0.437538 2 0.602404 0.435096 2
9 0.576971 0.661922 0.072547 0.020488 0.550697 0.661678 2 0.603245 0.662166 2
9 0.576550 0.558154 0.071707 0.020000 0.550697 0.558154 2 0.602404 0.558154 2