7 0.702187 0.475473 0.138701 0.122926 0 0 0 0 0 0
5 0.704664 0.262438 0.150343 0.143645 0 0 0 0 0 0
8 0.269736 0.692048 0.143833 0.126338 0 0 0 0 0 0
2 0.488393 0.473799 0.149189 0.127840 0 0 0 0 0 0
0 0.704850 0.573090 0.170651 0.445333 0 0 0 0 0 0
7 0.704212 0.691174 0.141792 0.118184 0 0 0 0 0 0
4 0.489045 0.695032 0.158848 0.118077 0 0 0 0 0 0
9 0.560802 0.322898 0.164132 0.155919 0.488736 0.390857 2 0.632868 0.254938 2
9 0.620520 0.583477 0.234831 0.072903 0.513105 0.609929 2 0.727936 0.557026 2
9 0.597938 0.474342 0.093053 0.020883 0.561412 0.474783 2 0.634465 0.473900 2
9 0.598639 0.692240 0.089177 0.020232 0.564050 0.692356 2 0.633227 0.692124 2
9 0.378203 0.691449 0.084824 0.021368 0.345791 0.692133 2 0.410615 0.690765 2
9 0.573365 0.582448 0.235242 0.070151 0.465744 0.557372 2 0.680986 0.607523 2