0 0.499748 0.485164 0.177631 0.530690 0 0 0 0 0 0
7 0.499879 0.631860 0.151141 0.160291 0 0 0 0 0 0
2 0.721674 0.634272 0.154610 0.167575 0 0 0 0 0 0
6 0.277244 0.498058 0.152321 0.154467 0 0 0 0 0 0
7 0.499719 0.366030 0.152387 0.153060 0 0 0 0 0 0
1 0.721588 0.372507 0.153451 0.170280 0 0 0 0 0 0
9 0.635478 0.497773 0.241818 0.083804 0.524569 0.529675 2 0.746387 0.465871 2
9 0.586353 0.497040 0.243092 0.079156 0.474807 0.467462 2 0.697899 0.526618 2
9 0.388151 0.563604 0.093530 0.020072 0.351386 0.563568 2 0.424916 0.563640 2
9 0.387554 0.432718 0.093871 0.020151 0.350618 0.432793 2 0.424489 0.432642 2
9 0.610486 0.366841 0.095635 0.020722 0.572669 0.366480 2 0.648303 0.367201 2
9 0.611210 0.627311 0.093362 0.022447 0.574529 0.628534 2 0.647891 0.626088 2