8 0.041888 0.324003 0.080119 0.129406 0 0 0 0 0 0
4 0.165418 0.322782 0.082252 0.133801 0 0 0 0 0 0
2 0.289557 0.080085 0.080729 0.132824 0 0 0 0 0 0
4 0.431671 0.791055 0.082772 0.130911 0 0 0 0 0 0
7 0.627197 0.829090 0.081668 0.135039 0 0 0 0 0 0
7 0.626674 0.601485 0.081300 0.130911 0 0 0 0 0 0
7 0.628330 0.370031 0.082404 0.132681 0 0 0 0 0 0
2 0.868485 0.795493 0.084243 0.140347 0 0 0 0 0 0
7 0.868368 0.547233 0.085715 0.136808 0 0 0 0 0 0
6 0.868000 0.321087 0.083508 0.142116 0 0 0 0 0 0
0 0.868603 0.779734 0.175046 0.273885 0 0 0 0 0 0
7 0.430291 0.337605 0.083687 0.136384 0 0 0 0 0 0
7 0.430640 0.561185 0.078805 0.134148 0 0 0 0 0 0
7 0.286628 0.563980 0.078108 0.133030 0 0 0 0 0 0
0 0.628700 0.586338 0.096938 0.676329 0 0 0 0 0 0
0 0.627305 0.574041 0.197362 0.734459 0 0 0 0 0 0
0 0.431686 0.554478 0.124136 0.688626 0 0 0 0 0 0
0 0.603245 0.561185 0.722499 0.778057 0 0 0 0 0 0
9 0.103563 0.326426 0.062541 0.020000 0.082292 0.326426 2 0.124833 0.326426 2
9 0.250364 0.206252 0.117635 0.094899 0.201547 0.243702 2 0.299182 0.168803 2
9 0.239903 0.403561 0.086950 0.167563 0.206428 0.329780 2 0.273378 0.477343 2
9 0.360901 0.561744 0.082068 0.023354 0.391935 0.563421 2 0.329867 0.560067 2
9 0.339630 0.720525 0.123214 0.165327 0.288023 0.647862 2 0.391237 0.793189 2
9 0.510143 0.457260 0.178308 0.065834 0.589297 0.434343 2 0.430989 0.480177 2
9 0.528275 0.590290 0.133675 0.305064 0.471438 0.732822 2 0.585113 0.447758 2
9 0.529670 0.583024 0.139254 0.024472 0.589297 0.580788 2 0.470043 0.585260 2
9 0.542920 0.704875 0.160176 0.051301 0.472832 0.720525 2 0.613008 0.689224 2
9 0.734355 0.692019 0.206901 0.041240 0.640904 0.681399 2 0.827805 0.702639 2
9 0.747256 0.566255 0.181098 0.279352 0.666708 0.436579 2 0.827805 0.695932 2
9 0.747605 0.598115 0.183190 0.021118 0.666010 0.597556 2 0.829200 0.598674 2
9 0.728078 0.465644 0.222244 0.031179 0.626956 0.460055 2 0.829200 0.471234 2
9 0.748302 0.460614 0.183190 0.204453 0.829897 0.368387 2 0.666708 0.552841 2
9 0.748302 0.461173 0.179006 0.207807 0.668800 0.555076 2 0.827805 0.367269 2
9 0.747605 0.328143 0.177611 0.022236 0.668800 0.327025 2 0.826410 0.329261 2
9 0.747954 0.326466 0.176913 0.030061 0.826410 0.321436 2 0.669497 0.331497 2