8 0.226495 0.648843 0.124184 0.106856 0 0 0 0 0 0
3 0.591285 0.185971 0.119950 0.114048 0 0 0 0 0 0
4 0.409948 0.341888 0.121362 0.107370 0 0 0 0 0 0
2 0.772622 0.341888 0.121362 0.103260 0 0 0 0 0 0
1 0.770858 0.496008 0.123478 0.107370 0 0 0 0 0 0
0 0.409243 0.493696 0.119950 0.102746 0 0 0 0 0 0
6 0.408890 0.648586 0.120656 0.100178 0 0 0 0 0 0
7 0.589521 0.341118 0.119245 0.105829 0 0 0 0 0 0
7 0.591638 0.648329 0.119245 0.105829 0 0 0 0 0 0
7 0.590932 0.494210 0.119245 0.105829 0 0 0 0 0 0
0 0.589874 0.478798 0.142529 0.463386 0 0 0 0 0 0
5 0.591023 0.802600 0.118505 0.101174 0 0 0 0 0 0
9 0.317904 0.641779 0.083662 0.020000 0.286073 0.641779 2 0.349735 0.641779 2
9 0.469624 0.746988 0.141627 0.114284 0.408810 0.699846 2 0.530437 0.794130 2
9 0.499457 0.670964 0.082616 0.020477 0.468148 0.670726 2 0.530765 0.671203 2
9 0.500276 0.502328 0.083600 0.297599 0.468476 0.641128 2 0.532076 0.363529 2
9 0.500440 0.305765 0.083272 0.020477 0.468804 0.306004 2 0.532076 0.305526 2
9 0.472410 0.410909 0.186540 0.056520 0.389140 0.392649 2 0.555680 0.429169 2
9 0.503391 0.411386 0.170476 0.055565 0.428153 0.429169 2 0.578629 0.393604 2
9 0.499621 0.488603 0.082289 0.020000 0.468476 0.488603 2 0.530765 0.488603 2
9 0.499177 0.473447 0.081591 0.298789 0.468382 0.334053 2 0.529973 0.612842 2
9 0.479893 0.564890 0.201324 0.055645 0.389231 0.582713 2 0.570555 0.547067 2
9 0.520238 0.564725 0.200418 0.055975 0.430029 0.546737 2 0.610447 0.582713 2
9 0.711333 0.227531 0.142115 0.114166 0.650276 0.180448 2 0.772391 0.274614 2
9 0.681556 0.315127 0.082561 0.021314 0.650276 0.315784 2 0.712837 0.314470 2
9 0.677045 0.411045 0.169786 0.055476 0.602152 0.393307 2 0.751938 0.428783 2
9 0.708025 0.412359 0.186028 0.056352 0.625011 0.430535 2 0.791039 0.394183 2
9 0.680654 0.488130 0.081960 0.021314 0.649674 0.488787 2 0.711634 0.487473 2
9 0.711032 0.584048 0.142716 0.094895 0.649674 0.621495 2 0.772391 0.546600 2
9 0.680955 0.508058 0.083764 0.327463 0.649073 0.661789 2 0.712837 0.354327 2