0 0.134153 0.482566 0.086297 0.633194 0 0 0 0 0 0
0 0.278504 0.487448 0.084728 0.221757 0 0 0 0 0 0
0 0.557008 0.481869 0.382845 0.221757 0 0 0 0 0 0
0 0.791579 0.705718 0.244770 0.231520 0 0 0 0 0 0
0 0.864147 0.370293 0.091789 0.419805 0 0 0 0 0 0
7 0.863363 0.708508 0.068253 0.156206 0 0 0 0 0 0
7 0.708421 0.700837 0.065900 0.101813 0 0 0 0 0 0
2 0.414226 0.498605 0.073745 0.118550 0 0 0 0 0 0
2 0.704498 0.487448 0.075314 0.126918 0 0 0 0 0 0
2 0.863755 0.288006 0.072176 0.118550 0 0 0 0 0 0
7 0.864540 0.493724 0.070607 0.139470 0 0 0 0 0 0
2 0.133760 0.702232 0.069822 0.124128 0 0 0 0 0 0
7 0.131407 0.492329 0.076098 0.131102 0 0 0 0 0 0
8 0.133760 0.285216 0.066684 0.118550 0 0 0 0 0 0
7 0.276151 0.486750 0.070607 0.131102 0 0 0 0 0 0
7 0.550340 0.492329 0.072960 0.131102 0 0 0 0 0 0
9 0.225549 0.341702 0.129048 0.156681 0.171025 0.273361 2 0.280073 0.410042 2
9 0.205544 0.495816 0.100021 0.026974 0.165533 0.499303 2 0.245554 0.492329 2
9 0.222019 0.630404 0.132971 0.114840 0.165533 0.677824 2 0.278504 0.582985 2
9 0.347150 0.498605 0.086684 0.021395 0.313808 0.499303 2 0.380492 0.497908 2
9 0.481302 0.497211 0.086684 0.024184 0.447960 0.499303 2 0.514644 0.495119 2
9 0.628792 0.495119 0.107082 0.025579 0.585251 0.492329 2 0.672333 0.497908 2
9 0.770790 0.371688 0.146308 0.119024 0.707636 0.421199 2 0.833944 0.322176 2
9 0.786088 0.495816 0.112573 0.021395 0.739801 0.495119 2 0.832374 0.496513 2
9 0.612317 0.637378 0.143169 0.176206 0.550732 0.559275 2 0.673902 0.715481 2
9 0.788441 0.699442 0.112573 0.026974 0.742155 0.695955 2 0.834728 0.702929 2