8 0.069786 0.506974 0.090442 0.135286 0 0 0 0 0 0
4 0.295892 0.500697 0.104958 0.145049 0 0 0 0 0 0
2 0.852503 0.177824 0.115007 0.143654 0 0 0 0 0 0
7 0.584526 0.503487 0.099375 0.133891 0 0 0 0 0 0
7 0.583409 0.818689 0.108307 0.136681 0 0 0 0 0 0
7 0.865902 0.829149 0.094909 0.124128 0 0 0 0 0 0
7 0.858086 0.495119 0.110541 0.131102 0 0 0 0 0 0
7 0.576710 0.178522 0.110541 0.136681 0 0 0 0 0 0
0 0.577602 0.501395 0.844796 0.997211 0 0 0 0 0 0
9 0.156320 0.536960 0.073595 0.020000 0.129522 0.536960 2 0.183118 0.536960 2
9 0.386334 0.318689 0.185253 0.230600 0.303708 0.423989 2 0.468960 0.213389 2
9 0.382426 0.751743 0.184136 0.240363 0.300358 0.641562 2 0.464494 0.861925 2
9 0.441046 0.536960 0.080295 0.022789 0.410899 0.535565 2 0.471193 0.538354 2
9 0.730796 0.536960 0.076945 0.028368 0.702324 0.541144 2 0.759269 0.532775 2
9 0.734146 0.856346 0.076945 0.025579 0.705674 0.853556 2 0.762619 0.859135 2
9 0.715723 0.210600 0.078062 0.020000 0.686692 0.210600 2 0.744754 0.210600 2