7 0.496701 0.511237 0.149140 0.099666 0 0 0 0 0 0
5 0.497365 0.654278 0.153887 0.093338 0 0 0 0 0 0
7 0.497289 0.362222 0.149510 0.099629 0 0 0 0 0 0
2 0.721309 0.435908 0.150304 0.099564 0 0 0 0 0 0
7 0.497602 0.213825 0.150285 0.099538 0 0 0 0 0 0
6 0.275639 0.361831 0.152396 0.095345 0 0 0 0 0 0
0 0.497119 0.350488 0.174347 0.451264 0 0 0 0 0 0
6 0.273743 0.506576 0.150118 0.090516 0 0 0 0 0 0
4 0.275761 0.209001 0.158823 0.089775 0 0 0 0 0 0
4 0.494840 0.800061 0.161399 0.090164 0 0 0 0 0 0
6 0.276821 0.209499 0.163068 0.089712 0 0 0 0 0 0
9 0.414280 0.281587 0.241423 0.054825 0.303569 0.264175 2 0.524992 0.299000 2
9 0.365422 0.430567 0.243418 0.054921 0.253713 0.413107 2 0.477130 0.448028 2
9 0.365266 0.282193 0.242846 0.054260 0.253843 0.299323 2 0.476689 0.265062 2
9 0.351998 0.606439 0.170301 0.114444 0.276847 0.559217 2 0.427149 0.653661 2
9 0.389202 0.370844 0.094299 0.290378 0.352053 0.235655 2 0.426352 0.506033 2
9 0.648533 0.290964 0.168944 0.186554 0.574061 0.207687 2 0.723005 0.374241 2
9 0.413453 0.430481 0.242056 0.054171 0.302425 0.447567 2 0.524481 0.413396 2
9 0.384684 0.533821 0.095326 0.020752 0.347021 0.534197 2 0.422347 0.533445 2
9 0.608279 0.393061 0.092220 0.020039 0.572169 0.393080 2 0.644390 0.393041 2
9 0.611905 0.467213 0.091066 0.020582 0.576372 0.467504 2 0.647438 0.466922 2
9 0.386970 0.356785 0.091149 0.020254 0.351395 0.356912 2 0.422544 0.356658 2
9 0.388416 0.179543 0.095382 0.020016 0.350725 0.179550 2 0.426107 0.179535 2
9 0.646965 0.645197 0.169745 0.335392 0.572093 0.802893 2 0.721838 0.487502 2
9 0.389149 0.342040 0.095795 0.288924 0.351251 0.476502 2 0.427046 0.207577 2