8 0.226846 0.699054 0.119162 0.148751 0 0 0 0 0 0
6 0.409415 0.699429 0.123535 0.143492 0 0 0 0 0 0
7 0.589750 0.699521 0.124941 0.146420 0 0 0 0 0 0
7 0.590122 0.481041 0.124197 0.147954 0 0 0 0 0 0
1 0.772699 0.588364 0.126428 0.154086 0 0 0 0 0 0
5 0.589750 0.263710 0.124941 0.153320 0 0 0 0 0 0
3 0.410891 0.262177 0.115273 0.156386 0 0 0 0 0 0
0 0.591609 0.571116 0.142046 0.440028 0 0 0 0 0 0
6 0.409404 0.481041 0.124197 0.147954 0 0 0 0 0 0
9 0.317839 0.691109 0.081168 0.020907 0.287255 0.691563 2 0.348423 0.690655 2
9 0.480000 0.582923 0.201303 0.070351 0.389348 0.608099 2 0.570652 0.557748 2
9 0.519385 0.580882 0.200863 0.069897 0.428954 0.555934 2 0.609817 0.605831 2
9 0.499904 0.473567 0.083368 0.020000 0.468220 0.473567 2 0.531588 0.473567 2
9 0.499024 0.227938 0.081608 0.021361 0.468220 0.227258 2 0.529828 0.228619 2
9 0.499904 0.473341 0.081608 0.399670 0.469100 0.283505 2 0.530708 0.663176 2
9 0.499904 0.718970 0.083368 0.020907 0.468220 0.719423 2 0.531588 0.718516 2
9 0.681207 0.637320 0.083368 0.020907 0.649523 0.637774 2 0.712891 0.636867 2
9 0.680767 0.527547 0.082488 0.020000 0.649523 0.527547 2 0.712011 0.527547 2
9 0.499904 0.363114 0.202183 0.070351 0.408812 0.337938 2 0.590995 0.388289 2