6 0.641088 0.648697 0.189680 0.104120 0 0 0 0 0 0
8 0.355962 0.646268 0.190450 0.103210 0 0 0 0 0 0
6 0.356367 0.494325 0.188687 0.102695 0 0 0 0 0 0
1 0.354622 0.794321 0.192111 0.073877 0 0 0 0 0 0
5 0.641283 0.792069 0.140689 0.087158 0 0 0 0 0 0
3 0.356646 0.343525 0.195368 0.101674 0 0 0 0 0 0
2 0.640421 0.334323 0.196354 0.088810 0 0 0 0 0 0
4 0.354163 0.180998 0.235064 0.094497 0 0 0 0 0 0
9 0.500363 0.794953 0.114988 0.021598 0.452869 0.795752 2 0.547857 0.794154 2
9 0.499534 0.642303 0.107964 0.020701 0.455552 0.642654 2 0.543516 0.641953 2
9 0.499950 0.335801 0.119722 0.020559 0.450089 0.336080 2 0.549811 0.335521 2