8 0.056250 0.632302 0.095395 0.284084 0 0 0 0 0 0
4 0.360408 0.612223 0.093040 0.232395 0 0 0 0 0 0
7 0.576316 0.316565 0.096708 0.240250 0 0 0 0 0 0
7 0.575658 0.737819 0.092759 0.284084 0 0 0 0 0 0
2 0.854770 0.736602 0.095060 0.276776 0 0 0 0 0 0
6 0.854441 0.332801 0.095060 0.275959 0 0 0 0 0 0
0 0.576366 0.488927 0.200732 0.813967 0 0 0 0 0 0
0 0.854956 0.687411 0.223609 0.409715 0 0 0 0 0 0
0 0.357923 0.585437 0.146121 0.409715 0 0 0 0 0 0
0 0.557917 0.464344 0.838351 0.895910 0 0 0 0 0 0
7 0.195850 0.623866 0.093012 0.221963 0 0 0 0 0 0
9 0.126996 0.612552 0.068598 0.021218 0.102697 0.611943 2 0.151294 0.613161 2
9 0.277945 0.614707 0.092925 0.023232 0.241483 0.616323 2 0.314408 0.613091 2
9 0.481000 0.476789 0.166287 0.040472 0.407857 0.487025 2 0.554144 0.466553 2
9 0.467900 0.662655 0.141833 0.024310 0.406983 0.664810 2 0.528816 0.660500 2
9 0.715059 0.713297 0.205588 0.020000 0.622265 0.713297 2 0.807853 0.713297 2
9 0.708073 0.515040 0.284190 0.112664 0.575978 0.468707 2 0.840167 0.561372 2
9 0.733408 0.516117 0.292050 0.123439 0.597383 0.567836 2 0.869433 0.464398 2
9 0.715933 0.316243 0.210828 0.025387 0.620519 0.318937 2 0.811347 0.313549 2