7 0.588757 0.584190 0.122342 0.119980 0 0 0 0 0 0
2 0.770693 0.403478 0.123705 0.123071 0 0 0 0 0 0
8 0.226106 0.585746 0.125519 0.127032 0 0 0 0 0 0
7 0.588114 0.403143 0.123743 0.119664 0 0 0 0 0 0
3 0.588497 0.220331 0.120928 0.122712 0 0 0 0 0 0
0 0.588831 0.476351 0.144648 0.368041 0 0 0 0 0 0
1 0.770531 0.586056 0.122816 0.110603 0 0 0 0 0 0
4 0.407556 0.397139 0.120161 0.109231 0 0 0 0 0 0
5 0.590559 0.756455 0.088068 0.106948 0 0 0 0 0 0
6 0.411120 0.574091 0.131309 0.105564 0 0 0 0 0 0
9 0.471357 0.702415 0.142054 0.132565 0.410330 0.646133 2 0.532384 0.758697 2
9 0.471830 0.487862 0.187759 0.061320 0.387950 0.508522 2 0.555709 0.467202 2
9 0.709043 0.486863 0.186089 0.061324 0.625998 0.507525 2 0.792088 0.466201 2
9 0.711092 0.270043 0.142241 0.131079 0.649972 0.214504 2 0.772213 0.325583 2
9 0.499809 0.577314 0.079272 0.020227 0.470173 0.577427 2 0.529445 0.577200 2
9 0.681533 0.578400 0.079514 0.020155 0.651776 0.578323 2 0.711290 0.578478 2
9 0.680591 0.396031 0.077937 0.020804 0.651623 0.395629 2 0.709559 0.396433 2
9 0.497549 0.395576 0.074864 0.021173 0.470117 0.394989 2 0.524981 0.396163 2
9 0.313194 0.577766 0.070736 0.021070 0.287826 0.577231 2 0.338561 0.578301 2
9 0.503407 0.485345 0.169707 0.059924 0.428554 0.465383 2 0.578261 0.505307 2
9 0.677499 0.485864 0.169166 0.061896 0.602916 0.464916 2 0.752082 0.506812 2