8 0.277488 0.598447 0.147537 0.122182 0 0 0 0 0 0
7 0.500035 0.289315 0.152249 0.120215 0 0 0 0 0 0
7 0.499939 0.705913 0.151465 0.121052 0 0 0 0 0 0
7 0.500407 0.497406 0.150541 0.118639 0 0 0 0 0 0
0 0.501653 0.484391 0.178190 0.632218 0 0 0 0 0 0
1 0.721714 0.497714 0.152593 0.124371 0 0 0 0 0 0
3 0.277134 0.395866 0.158095 0.117906 0 0 0 0 0 0
9 0.647752 0.640051 0.169214 0.151643 0.573145 0.705873 2 0.722359 0.574230 2
9 0.386425 0.550384 0.103780 0.207457 0.344535 0.456655 2 0.428315 0.644113 2
9 0.388521 0.446500 0.097715 0.209684 0.349663 0.541342 2 0.427379 0.351658 2
9 0.648066 0.355049 0.160590 0.150163 0.577771 0.289968 2 0.718361 0.420130 2
9 0.388881 0.662585 0.095807 0.020377 0.350977 0.662396 2 0.426784 0.662773 2
9 0.388642 0.439120 0.093548 0.022493 0.351868 0.440367 2 0.425416 0.437874 2
9 0.608804 0.498169 0.094855 0.020221 0.571376 0.498058 2 0.646232 0.498280 2
9 0.387168 0.558590 0.094441 0.020358 0.349947 0.558411 2 0.424389 0.558769 2
9 0.388390 0.333166 0.098939 0.021449 0.348920 0.333890 2 0.427859 0.332441 2