3 0.488254 0.752815 0.148767 0.120743 0 0 0 0 0 0
8 0.270901 0.575753 0.146764 0.122278 0 0 0 0 0 0
7 0.703785 0.574090 0.147010 0.116782 0 0 0 0 0 0
0 0.703786 0.555213 0.174579 0.544595 0 0 0 0 0 0
7 0.707189 0.751699 0.148477 0.114939 0 0 0 0 0 0
7 0.705535 0.394383 0.149144 0.117231 0 0 0 0 0 0
5 0.706329 0.212047 0.104636 0.107716 0 0 0 0 0 0
4 0.489710 0.389938 0.150024 0.108010 0 0 0 0 0 0
6 0.491835 0.564987 0.158380 0.104927 0 0 0 0 0 0
9 0.561346 0.266079 0.165365 0.131592 0.488664 0.321875 2 0.634028 0.210283 2
9 0.620405 0.478280 0.235907 0.062880 0.512452 0.456840 2 0.728359 0.499720 2
9 0.573859 0.478433 0.237270 0.059580 0.465224 0.498222 2 0.682495 0.458643 2
9 0.573360 0.656770 0.236513 0.061510 0.465104 0.636015 2 0.681617 0.677525 2
9 0.620954 0.657097 0.234945 0.061778 0.513482 0.677986 2 0.728426 0.636208 2
9 0.596200 0.584876 0.093239 0.342625 0.559580 0.746188 2 0.632820 0.423563 2
9 0.379864 0.568009 0.093576 0.020009 0.343076 0.568013 2 0.416652 0.568004 2
9 0.595910 0.780325 0.093176 0.020396 0.559322 0.780127 2 0.632498 0.780522 2
9 0.596436 0.354987 0.094608 0.020219 0.559132 0.355096 2 0.633740 0.354877 2
9 0.596357 0.567841 0.095087 0.020099 0.558813 0.567891 2 0.633900 0.567792 2