0 0.622025 0.485879 0.222918 0.626481 0 0 0 0 0 0
7 0.619781 0.479146 0.188427 0.084450 0 0 0 0 0 0
7 0.619086 0.270885 0.189845 0.085712 0 0 0 0 0 0
7 0.622982 0.689139 0.197754 0.091907 0 0 0 0 0 0
4 0.346335 0.598124 0.185512 0.122906 0 0 0 0 0 0
3 0.346346 0.396857 0.185844 0.113066 0 0 0 0 0 0
9 0.484998 0.550049 0.115945 0.208729 0.437026 0.455684 2 0.532971 0.644414 2
9 0.485577 0.446004 0.116865 0.209891 0.437145 0.540949 2 0.534010 0.351058 2
9 0.485215 0.437287 0.115264 0.020312 0.437583 0.437132 2 0.532847 0.437443 2
9 0.485166 0.662383 0.115320 0.020055 0.437506 0.662356 2 0.532826 0.662411 2
9 0.484925 0.558297 0.114484 0.020192 0.437683 0.558201 2 0.532167 0.558393 2
9 0.485641 0.333241 0.114470 0.020325 0.438407 0.333078 2 0.532876 0.333403 2