5 0.621894 0.214187 0.190092 0.118553 0 0 0 0 0 0
4 0.347435 0.394981 0.185109 0.116578 0 0 0 0 0 0
7 0.623318 0.394981 0.187244 0.116578 0 0 0 0 0 0
7 0.624742 0.575182 0.185821 0.114997 0 0 0 0 0 0
0 0.625454 0.557004 0.215723 0.533886 0 0 0 0 0 0
7 0.625098 0.754395 0.186533 0.117763 0 0 0 0 0 0
6 0.347079 0.575379 0.188668 0.120924 0 0 0 0 0 0
9 0.439884 0.264915 0.202992 0.130849 0.348388 0.320340 2 0.531380 0.209491 2
9 0.484752 0.366242 0.115015 0.020000 0.437244 0.366242 2 0.532259 0.366242 2
9 0.456159 0.477824 0.295367 0.061507 0.318476 0.457071 2 0.593843 0.498578 2
9 0.516863 0.477336 0.295367 0.060531 0.379180 0.497601 2 0.654547 0.457071 2
9 0.485632 0.567187 0.116774 0.332039 0.437244 0.411168 2 0.534019 0.723207 2
9 0.439444 0.701232 0.203871 0.151847 0.347508 0.635309 2 0.531380 0.767156 2
9 0.484752 0.566455 0.115015 0.020977 0.437244 0.565967 2 0.532259 0.566943 2