5 0.806384 0.258747 0.107960 0.134763 0 0 0 0 0 0
8 0.191808 0.261877 0.107326 0.140885 0 0 0 0 0 0
1 0.654209 0.483813 0.107468 0.118760 0 0 0 0 0 0
2 0.652795 0.261787 0.089985 0.132842 0 0 0 0 0 0
3 0.499402 0.264226 0.106527 0.145159 0 0 0 0 0 0
4 0.345917 0.488383 0.106762 0.147346 0 0 0 0 0 0
7 0.498939 0.464330 0.108933 0.095596 0 0 0 0 0 0
0 0.345849 0.260898 0.113070 0.141359 0 0 0 0 0 0
6 0.346143 0.710234 0.104369 0.139433 0 0 0 0 0 0
9 0.448848 0.636351 0.123455 0.159401 0.397121 0.706052 2 0.500576 0.566651 2
9 0.414821 0.372534 0.156665 0.072830 0.346488 0.346119 2 0.483154 0.398948 2
9 0.585571 0.372557 0.156924 0.072681 0.517109 0.398898 2 0.654033 0.346217 2
9 0.422688 0.483361 0.070622 0.020486 0.397378 0.483118 2 0.447999 0.483604 2
9 0.576860 0.482819 0.070224 0.020292 0.551749 0.482965 2 0.601972 0.482674 2
9 0.576973 0.261102 0.069701 0.020260 0.552122 0.260972 2 0.601823 0.261232 2
9 0.269732 0.261531 0.069602 0.020829 0.244931 0.261117 2 0.294533 0.261946 2
9 0.727993 0.261580 0.071365 0.020174 0.702311 0.261493 2 0.753676 0.261667 2