6 0.233787 0.320084 0.073745 0.163180 0 0 0 0 0 0
6 0.385591 0.304045 0.069822 0.131102 0 0 0 0 0 0
4 0.091789 0.304742 0.064331 0.118550 0 0 0 0 0 0
7 0.234179 0.530683 0.071391 0.132497 0 0 0 0 0 0
7 0.607218 0.806834 0.064331 0.118550 0 0 0 0 0 0
2 0.539357 0.652720 0.069822 0.125523 0 0 0 0 0 0
2 0.092573 0.583682 0.045502 0.073919 0 0 0 0 0 0
8 0.151804 0.056485 0.054132 0.087866 0 0 0 0 0 0
7 0.387552 0.605997 0.065900 0.118550 0 0 0 0 0 0
7 0.234571 0.741980 0.073745 0.128312 0 0 0 0 0 0
7 0.478949 0.809623 0.065115 0.118550 0 0 0 0 0 0
0 0.373823 0.535565 0.736663 0.895397 0 0 0 0 0 0
9 0.625654 0.391213 0.438149 0.400753 0.416579 0.581590 2 0.834728 0.200837 2
9 0.589958 0.702232 0.057657 0.127392 0.608787 0.755927 2 0.571130 0.648536 2
9 0.709205 0.760112 0.164351 0.120418 0.637029 0.810321 2 0.781381 0.709902 2
9 0.542103 0.810321 0.090607 0.020000 0.506799 0.810321 2 0.577406 0.810321 2
9 0.418933 0.759414 0.081192 0.127392 0.388337 0.705718 2 0.449529 0.813110 2
9 0.312238 0.689679 0.107866 0.130181 0.268305 0.744770 2 0.356172 0.634589 2
9 0.310669 0.412831 0.107866 0.243152 0.266736 0.524407 2 0.354603 0.301255 2
9 0.312631 0.570432 0.107082 0.098103 0.269090 0.531381 2 0.356172 0.609484 2
9 0.236140 0.437936 0.020000 0.092524 0.236140 0.401674 2 0.236140 0.474198 2
9 0.121600 0.171548 0.079623 0.178996 0.151412 0.092050 2 0.091789 0.251046 2
9 0.198091 0.169456 0.099236 0.169233 0.158473 0.094840 2 0.237709 0.244073 2
9 0.092573 0.484658 0.021569 0.144128 0.093358 0.422594 2 0.091789 0.546722 2
9 0.463258 0.629707 0.113358 0.066025 0.416579 0.606695 2 0.509937 0.652720 2