0 0.406104 0.283760 0.131733 0.118013 0 0 0 0 0 0
5 0.589309 0.235069 0.124754 0.116363 0 0 0 0 0 0
2 0.769896 0.435196 0.124754 0.120489 0 0 0 0 0 0
1 0.770332 0.631741 0.129116 0.124615 0 0 0 0 0 0
3 0.588873 0.434915 0.123881 0.117188 0 0 0 0 0 0
4 0.407849 0.532297 0.126499 0.118838 0 0 0 0 0 0
6 0.407849 0.735312 0.123009 0.113887 0 0 0 0 0 0
7 0.589309 0.636280 0.124754 0.113887 0 0 0 0 0 0
8 0.225516 0.736963 0.119519 0.118838 0 0 0 0 0 0
9 0.317119 0.734487 0.076706 0.020000 0.288766 0.734487 2 0.345472 0.734487 2
9 0.498579 0.684971 0.080196 0.021651 0.468481 0.684146 2 0.528677 0.685796 2
9 0.499451 0.594192 0.078451 0.021651 0.470226 0.595017 2 0.528677 0.593367 2
9 0.500324 0.457198 0.081941 0.264279 0.469353 0.335058 2 0.531294 0.579337 2
9 0.683528 0.535598 0.204077 0.064564 0.591490 0.557880 2 0.775567 0.513316 2
9 0.681347 0.433265 0.079323 0.020000 0.651686 0.433265 2 0.711009 0.433265 2
9 0.679602 0.632567 0.074089 0.020825 0.652558 0.632979 2 0.706647 0.632154 2
9 0.496398 0.257070 0.074089 0.024126 0.469353 0.259134 2 0.523442 0.255007 2