6 0.408705 0.637933 0.123168 0.125782 0 0 0 0 0 0
8 0.226575 0.635471 0.122910 0.119979 0 0 0 0 0 0
1 0.771316 0.535548 0.122289 0.123797 0 0 0 0 0 0
0 0.587409 0.523358 0.142106 0.406377 0 0 0 0 0 0
0 0.408441 0.435067 0.131140 0.119489 0 0 0 0 0 0
7 0.589002 0.634130 0.117235 0.111608 0 0 0 0 0 0
7 0.589551 0.435058 0.116892 0.112724 0 0 0 0 0 0
4 0.590714 0.233346 0.123103 0.119096 0 0 0 0 0 0
5 0.772612 0.730948 0.119737 0.114911 0 0 0 0 0 0
2 0.772702 0.340370 0.130472 0.136455 0 0 0 0 0 0
9 0.681265 0.484613 0.083537 0.202461 0.649497 0.575843 2 0.713033 0.393382 2
9 0.520080 0.533794 0.201621 0.066093 0.429269 0.510748 2 0.610890 0.556841 2
9 0.480228 0.535198 0.201801 0.068440 0.389327 0.559419 2 0.571129 0.510978 2
9 0.681057 0.285179 0.074201 0.020608 0.653956 0.285483 2 0.708157 0.284875 2
9 0.680912 0.684441 0.082567 0.020852 0.649628 0.684015 2 0.712195 0.684867 2
9 0.680391 0.376357 0.082216 0.020143 0.649283 0.376286 2 0.711499 0.376428 2
9 0.680381 0.484854 0.082874 0.020488 0.648945 0.485098 2 0.711818 0.484610 2
9 0.497160 0.634597 0.079085 0.022025 0.467617 0.635609 2 0.526702 0.633584 2
9 0.316518 0.634436 0.082025 0.020238 0.285506 0.634555 2 0.347530 0.634317 2
9 0.680703 0.593057 0.082760 0.020950 0.649323 0.592582 2 0.712083 0.593532 2
9 0.498673 0.435150 0.082315 0.020613 0.467516 0.435457 2 0.529831 0.434844 2