7 0.499735 0.375675 0.149875 0.170858 0 0 0 0 0 0
2 0.722619 0.636245 0.151423 0.174540 0 0 0 0 0 0
0 0.499443 0.483096 0.175187 0.530595 0 0 0 0 0 0
7 0.499980 0.637416 0.151039 0.171943 0 0 0 0 0 0
6 0.278136 0.638559 0.150955 0.173994 0 0 0 0 0 0
1 0.722117 0.375478 0.152376 0.176984 0 0 0 0 0 0
4 0.277684 0.364563 0.153192 0.155531 0 0 0 0 0 0
9 0.394533 0.497153 0.203155 0.080828 0.302956 0.466739 2 0.486111 0.527567 2
9 0.644605 0.495436 0.222329 0.077859 0.543440 0.466506 2 0.745770 0.524366 2
9 0.388146 0.367969 0.095097 0.022942 0.350598 0.366498 2 0.425694 0.369440 2
9 0.388900 0.628307 0.094398 0.021422 0.351701 0.629019 2 0.426100 0.627596 2
9 0.610081 0.367930 0.095279 0.021306 0.572442 0.367277 2 0.647721 0.368583 2
9 0.611621 0.627432 0.094276 0.023177 0.574483 0.629021 2 0.648760 0.625843 2
9 0.606933 0.498243 0.204839 0.081478 0.514513 0.528982 2 0.699352 0.467504 2
9 0.355705 0.497677 0.221970 0.080310 0.254720 0.527832 2 0.456690 0.467522 2