6 0.093049 0.321478 0.085441 0.115760 0 0 0 0 0 0
8 0.025749 0.609484 0.051499 0.117155 0 0 0 0 0 0
7 0.460563 0.322873 0.097145 0.093445 0 0 0 0 0 0
7 0.381559 0.129707 0.060862 0.078103 0 0 0 0 0 0
7 0.459392 0.132497 0.073737 0.083682 0 0 0 0 0 0
7 0.538396 0.138075 0.072566 0.086471 0 0 0 0 0 0
2 0.696404 0.271269 0.084271 0.090656 0 0 0 0 0 0
2 0.813447 0.273361 0.081930 0.100418 0 0 0 0 0 0
8 0.086612 0.716876 0.065544 0.108787 0 0 0 0 0 0
0 0.616230 0.419107 0.635542 0.838215 0 0 0 0 0 0
9 0.201899 0.613668 0.325481 0.022789 0.049158 0.612273 2 0.354639 0.615063 2
9 0.060277 0.509763 0.079692 0.119024 0.030431 0.559275 2 0.090123 0.460251 2
9 0.273880 0.321478 0.317288 0.029763 0.125236 0.326360 2 0.422524 0.316597 2
9 0.237011 0.707113 0.269301 0.022789 0.112361 0.705718 2 0.361662 0.708508 2
9 0.290851 0.797768 0.156940 0.153891 0.222381 0.864714 2 0.359321 0.730823 2