8 0.226336 0.251162 0.119824 0.120073 0 0 0 0 0 0
6 0.409940 0.252182 0.125270 0.117251 0 0 0 0 0 0
6 0.409940 0.425887 0.122269 0.117251 0 0 0 0 0 0
4 0.409189 0.602693 0.123769 0.118491 0 0 0 0 0 0
2 0.771871 0.424646 0.126020 0.117251 0 0 0 0 0 0
1 0.771871 0.249700 0.126020 0.119732 0 0 0 0 0 0
7 0.589218 0.250941 0.123769 0.116010 0 0 0 0 0 0
7 0.590343 0.421854 0.124520 0.111667 0 0 0 0 0 0
5 0.590718 0.597730 0.128270 0.120973 0 0 0 0 0 0
3 0.590343 0.770504 0.117018 0.124075 0 0 0 0 0 0
0 0.590343 0.320733 0.144023 0.358576 0 0 0 0 0 0
9 0.317490 0.244019 0.085425 0.020608 0.284778 0.244323 2 0.350203 0.243715 2
9 0.500166 0.222132 0.081750 0.020608 0.469292 0.221828 2 0.531041 0.222436 2
9 0.504026 0.331718 0.169596 0.062254 0.429228 0.352845 2 0.578824 0.310591 2
9 0.472416 0.331110 0.185033 0.061038 0.389899 0.310591 2 0.554933 0.351629 2
9 0.498960 0.418433 0.082117 0.020912 0.467901 0.417977 2 0.530018 0.418889 2
9 0.500062 0.506132 0.201941 0.059518 0.409092 0.525891 2 0.591033 0.486373 2
9 0.499879 0.615414 0.081750 0.020304 0.469004 0.615262 2 0.530754 0.615566 2
9 0.499695 0.418433 0.082117 0.324895 0.468636 0.570880 2 0.530754 0.265985 2
9 0.677225 0.331798 0.169596 0.059822 0.602427 0.351709 2 0.752023 0.311887 2
9 0.709754 0.330430 0.184666 0.060734 0.627421 0.310063 2 0.792087 0.350797 2
9 0.681268 0.243035 0.082117 0.021520 0.650210 0.242275 2 0.712327 0.243794 2
9 0.680717 0.418585 0.081750 0.021824 0.649842 0.419497 2 0.711592 0.417673 2
9 0.711408 0.626813 0.141662 0.303312 0.650577 0.768469 2 0.772239 0.485157 2