6 0.277825 0.504133 0.149268 0.134098 0 0 0 0 0 0
5 0.721548 0.298579 0.152396 0.141662 0 0 0 0 0 0
2 0.721766 0.506151 0.151883 0.139568 0 0 0 0 0 0
0 0.503700 0.485816 0.181766 0.631006 0 0 0 0 0 0
7 0.499334 0.705357 0.142342 0.116437 0 0 0 0 0 0
7 0.499869 0.499261 0.142778 0.121933 0 0 0 0 0 0
7 0.497693 0.293420 0.142262 0.120471 0 0 0 0 0 0
9 0.351925 0.355097 0.167243 0.150216 0.278304 0.420205 2 0.425547 0.289989 2
9 0.612114 0.393640 0.241933 0.068248 0.501148 0.369516 2 0.723081 0.417763 2
9 0.647280 0.641212 0.170115 0.148330 0.572222 0.705377 2 0.722337 0.577047 2
9 0.352188 0.641999 0.167234 0.147422 0.278571 0.578288 2 0.425805 0.705710 2
9 0.610327 0.291299 0.094175 0.020096 0.573239 0.291251 2 0.647414 0.291347 2
9 0.608199 0.497774 0.098928 0.020486 0.568735 0.498017 2 0.647663 0.497531 2
9 0.389135 0.497795 0.095070 0.020261 0.351600 0.497665 2 0.426670 0.497926 2