3 0.277948 0.299067 0.149336 0.140611 0 0 0 0 0 0
0 0.278123 0.503007 0.155088 0.124361 0 0 0 0 0 0
0 0.496947 0.475183 0.191524 0.642529 0 0 0 0 0 0
0 0.498539 0.262569 0.178818 0.181929 0 0 0 0 0 0
4 0.274861 0.706428 0.153840 0.107285 0 0 0 0 0 0
5 0.724073 0.498048 0.110765 0.127916 0 0 0 0 0 0
7 0.502544 0.294620 0.147686 0.113887 0 0 0 0 0 0
7 0.499980 0.498874 0.146661 0.114712 0 0 0 0 0 0
7 0.502544 0.708079 0.147686 0.108935 0 0 0 0 0 0
9 0.365578 0.394769 0.242581 0.069154 0.254288 0.419346 2 0.476869 0.370192 2
9 0.365532 0.602720 0.243084 0.068227 0.253990 0.626833 2 0.477074 0.578606 2
9 0.390250 0.517822 0.095826 0.394533 0.352337 0.330556 2 0.428163 0.705089 2
9 0.387371 0.499336 0.084839 0.022139 0.354951 0.500405 2 0.419790 0.498266 2
9 0.387792 0.745599 0.093334 0.020189 0.351125 0.745694 2 0.424459 0.745505 2
9 0.414045 0.394181 0.242446 0.068264 0.302822 0.370049 2 0.525268 0.418313 2
9 0.608353 0.497956 0.095586 0.021045 0.570560 0.497434 2 0.646146 0.498479 2
9 0.389106 0.251041 0.087634 0.022440 0.355289 0.252261 2 0.422923 0.249821 2
9 0.413659 0.601354 0.242240 0.069935 0.302539 0.576387 2 0.524779 0.626321 2
9 0.388101 0.477161 0.096319 0.395099 0.349941 0.664711 2 0.426261 0.289612 2