6 0.408702 0.493671 0.123094 0.102741 0 0 0 0 0 0
6 0.408252 0.339837 0.120540 0.100817 0 0 0 0 0 0
5 0.589390 0.185448 0.123022 0.103286 0 0 0 0 0 0
3 0.591650 0.802118 0.115983 0.110657 0 0 0 0 0 0
2 0.772101 0.570328 0.123890 0.103752 0 0 0 0 0 0
8 0.228068 0.495368 0.121994 0.105402 0 0 0 0 0 0
7 0.589841 0.494016 0.123703 0.101366 0 0 0 0 0 0
7 0.589687 0.340847 0.123666 0.099707 0 0 0 0 0 0
7 0.590554 0.647481 0.124228 0.105228 0 0 0 0 0 0
0 0.592024 0.480935 0.143680 0.468330 0 0 0 0 0 0
4 0.408930 0.642416 0.132289 0.094208 0 0 0 0 0 0
9 0.519186 0.564807 0.201300 0.057457 0.428536 0.546078 2 0.609836 0.583536 2
9 0.479996 0.411899 0.201398 0.056439 0.389297 0.393679 2 0.570695 0.430118 2
9 0.520016 0.412478 0.203435 0.055805 0.428299 0.430381 2 0.611734 0.394576 2
9 0.469806 0.229630 0.140207 0.116102 0.409702 0.277681 2 0.529909 0.181580 2
9 0.712442 0.709931 0.142082 0.190751 0.651402 0.795306 2 0.773483 0.624555 2
9 0.480577 0.565607 0.200474 0.055223 0.390340 0.583218 2 0.570814 0.547995 2
9 0.711577 0.420139 0.141410 0.190287 0.650872 0.334996 2 0.772283 0.505283 2
9 0.499995 0.503576 0.079814 0.298639 0.470088 0.642895 2 0.529902 0.364256 2
9 0.498962 0.670235 0.082043 0.020598 0.467941 0.670534 2 0.529984 0.669935 2
9 0.498716 0.306781 0.081382 0.021027 0.468025 0.307294 2 0.529408 0.306267 2
9 0.680864 0.603270 0.081791 0.020498 0.649968 0.603519 2 0.711759 0.603020 2
9 0.315803 0.488847 0.078618 0.020577 0.286493 0.489135 2 0.345112 0.488559 2
9 0.680170 0.526966 0.080940 0.020213 0.649701 0.526860 2 0.710640 0.527072 2
9 0.497735 0.489223 0.079283 0.020836 0.468093 0.489641 2 0.527376 0.488805 2
9 0.499517 0.473384 0.081522 0.297922 0.468756 0.334423 2 0.530278 0.612346 2