8 0.109105 0.749651 0.064687 0.168759 0 0 0 0 0 0
2 0.900868 0.503487 0.106086 0.209205 0 0 0 0 0 0
3 0.509299 0.202929 0.183710 0.168759 0 0 0 0 0 0
3 0.805994 0.202232 0.176810 0.133891 0 0 0 0 0 0
7 0.646434 0.767782 0.180260 0.143654 0 0 0 0 0 0
7 0.325589 0.773361 0.178535 0.146444 0 0 0 0 0 0
9 0.820656 0.688285 0.195085 0.185969 0.733114 0.771269 2 0.908199 0.605300 2
9 0.747776 0.487448 0.142473 0.448173 0.686540 0.701534 2 0.809013 0.273361 2
9 0.558029 0.489540 0.116599 0.452357 0.606328 0.705718 2 0.509730 0.273361 2
9 0.185435 0.763598 0.126948 0.043710 0.131961 0.751743 2 0.238909 0.775453 2
9 0.485149 0.771269 0.179560 0.020000 0.405369 0.771269 2 0.564929 0.771269 2