8 0.224313 0.485356 0.132729 0.125523 0 0 0 0 0 0
0 0.407552 0.480883 0.134119 0.130773 0 0 0 0 0 0
4 0.407190 0.259641 0.123244 0.130773 0 0 0 0 0 0
3 0.590848 0.262816 0.118411 0.133312 0 0 0 0 0 0
2 0.772392 0.259007 0.119015 0.138391 0 0 0 0 0 0
1 0.772694 0.479607 0.120828 0.131408 0 0 0 0 0 0
7 0.589338 0.482146 0.125057 0.131408 0 0 0 0 0 0
6 0.408096 0.703698 0.125057 0.131408 0 0 0 0 0 0
9 0.318079 0.484368 0.079810 0.020000 0.288174 0.484368 2 0.347984 0.484368 2
9 0.499321 0.484368 0.079810 0.020000 0.469416 0.484368 2 0.529226 0.484368 2
9 0.529830 0.636725 0.143244 0.154582 0.468208 0.704016 2 0.591452 0.569434 2
9 0.680865 0.482463 0.084039 0.021270 0.648845 0.483098 2 0.712884 0.481829 2
9 0.691135 0.372957 0.180701 0.073960 0.610785 0.399937 2 0.771486 0.345977 2
9 0.680563 0.260911 0.081018 0.021270 0.650054 0.261546 2 0.711072 0.260276 2
9 0.489655 0.372640 0.181305 0.068246 0.409002 0.348516 2 0.570307 0.396763 2