5 0.500999 0.269940 0.148206 0.145386 0 0 0 0 0 0
4 0.278689 0.381419 0.149402 0.144359 0 0 0 0 0 0
2 0.721311 0.490614 0.148206 0.148982 0 0 0 0 0 0
3 0.501989 0.492925 0.138645 0.156688 0 0 0 0 0 0
6 0.278783 0.712802 0.146413 0.146413 0 0 0 0 0 0
7 0.499001 0.710491 0.149402 0.139735 0 0 0 0 0 0
1 0.721609 0.713316 0.147609 0.147441 0 0 0 0 0 0
9 0.388743 0.316715 0.095896 0.021541 0.350795 0.315945 2 0.426691 0.317486 2
9 0.611052 0.483678 0.095896 0.022569 0.573104 0.482394 2 0.649000 0.484963 2
9 0.611949 0.594901 0.241114 0.072401 0.501391 0.621101 2 0.722506 0.568701 2
9 0.389340 0.553032 0.097091 0.269160 0.350795 0.428452 2 0.427886 0.677612 2
9 0.389058 0.732498 0.097753 0.020106 0.350182 0.732445 2 0.427934 0.732552 2
9 0.610427 0.704424 0.097122 0.020487 0.571866 0.704180 2 0.648987 0.704668 2