3 0.500238 0.210126 0.105380 0.109189 0 0 0 0 0 0
2 0.652913 0.387558 0.104745 0.109824 0 0 0 0 0 0
1 0.654500 0.565942 0.105380 0.108554 0 0 0 0 0 0
5 0.808444 0.566895 0.108554 0.105380 0 0 0 0 0 0
7 0.500238 0.389145 0.102841 0.102841 0 0 0 0 0 0
7 0.499921 0.566577 0.102206 0.100936 0 0 0 0 0 0
7 0.499921 0.745279 0.102206 0.104111 0 0 0 0 0 0
6 0.343755 0.657674 0.109824 0.105380 0 0 0 0 0 0
8 0.190129 0.656087 0.111094 0.106015 0 0 0 0 0 0
0 0.346294 0.474528 0.109824 0.100936 0 0 0 0 0 0
0 0.500238 0.554516 0.119346 0.540232 0 0 0 0 0 0
9 0.269481 0.657356 0.070151 0.020635 0.244406 0.657039 2 0.294557 0.657674 2
9 0.423108 0.523092 0.071420 0.183784 0.397397 0.604984 2 0.448818 0.441200 2
9 0.420886 0.427234 0.072055 0.021270 0.394858 0.426599 2 0.446913 0.427869 2
9 0.423743 0.515474 0.070151 0.020000 0.398667 0.515474 2 0.448818 0.515474 2
9 0.421521 0.611967 0.070786 0.183784 0.396128 0.530075 2 0.446913 0.693859 2
9 0.422155 0.709412 0.069516 0.020635 0.397397 0.709729 2 0.446913 0.709094 2
9 0.575782 0.589748 0.070786 0.374230 0.550389 0.766863 2 0.601175 0.412633 2
9 0.593874 0.478972 0.172992 0.061263 0.517379 0.458340 2 0.670370 0.499604 2
9 0.559911 0.479924 0.173627 0.056820 0.483098 0.498334 2 0.636725 0.461514 2
9 0.601175 0.681162 0.122841 0.102527 0.549754 0.722425 2 0.652595 0.639899 2
9 0.728774 0.567529 0.068246 0.021270 0.704651 0.566895 2 0.752897 0.568164 2
9 0.574195 0.568799 0.065072 0.021270 0.551659 0.568164 2 0.596731 0.569434 2