8 0.070724 0.076709 0.096780 0.103208 0 0 0 0 0 0
2 0.275450 0.576011 0.053973 0.094840 0 0 0 0 0 0
2 0.544851 0.576709 0.073515 0.071130 0 0 0 0 0 0
2 0.824488 0.571827 0.057696 0.083682 0 0 0 0 0 0
3 0.863107 0.417015 0.201934 0.206416 0 0 0 0 0 0
3 0.589053 0.414923 0.195420 0.210600 0 0 0 0 0 0
3 0.314534 0.412134 0.202865 0.202232 0 0 0 0 0 0
9 0.144704 0.070432 0.084210 0.024184 0.112599 0.072524 2 0.176809 0.068340 2
9 0.316395 0.202232 0.021861 0.092524 0.317326 0.165969 2 0.315464 0.238494 2
9 0.587657 0.199442 0.022792 0.086946 0.586261 0.165969 2 0.589053 0.232915 2
9 0.865899 0.198745 0.020931 0.079972 0.866364 0.168759 2 0.865433 0.228731 2
9 0.316395 0.681311 0.023722 0.130181 0.314534 0.626220 2 0.318256 0.736402 2
9 0.867760 0.682008 0.026514 0.128787 0.864503 0.627615 2 0.871017 0.736402 2
9 0.586261 0.683403 0.025583 0.120418 0.589053 0.633194 2 0.583470 0.733612 2
9 0.330354 0.539052 0.526232 0.746639 0.583470 0.902371 2 0.077238 0.175732 2