4 0.316806 0.349372 0.131660 0.191074 0 0 0 0 0 0
7 0.814644 0.354254 0.135774 0.181311 0 0 0 0 0 0
0 0.673213 0.297768 0.556468 0.587169 0 0 0 0 0 0
7 0.550811 0.359135 0.112116 0.174338 0 0 0 0 0 0
8 0.054515 0.115760 0.096688 0.128312 0 0 0 0 0 0
8 0.058630 0.281032 0.096688 0.135286 0 0 0 0 0 0
8 0.057087 0.426081 0.097716 0.126918 0 0 0 0 0 0
3 0.656756 0.813808 0.120345 0.191074 0 0 0 0 0 0
3 0.373893 0.821478 0.124460 0.161785 0 0 0 0 0 0
3 0.901046 0.818689 0.144003 0.181311 0 0 0 0 0 0
3 0.091545 0.818689 0.152232 0.131102 0 0 0 0 0 0
9 0.170746 0.470014 0.155774 0.248731 0.102859 0.584379 2 0.238633 0.355649 2
9 0.164060 0.391911 0.132116 0.098103 0.108002 0.430962 2 0.220119 0.352859 2
9 0.174346 0.310321 0.148574 0.091130 0.110059 0.274756 2 0.238633 0.345886 2
9 0.245319 0.235704 0.294634 0.248731 0.108002 0.121339 2 0.382636 0.350070 2
9 0.548753 0.355649 0.152688 0.020000 0.482409 0.355649 2 0.615098 0.355649 2
9 0.696871 0.533473 0.119773 0.375649 0.746757 0.355649 2 0.646984 0.711297 2
9 0.561097 0.464435 0.025143 0.028368 0.558525 0.460251 2 0.563668 0.468619 2
9 0.519439 0.719665 0.291548 0.039526 0.655213 0.709902 2 0.383665 0.729428 2
9 0.627955 0.639470 0.195889 0.378438 0.540010 0.460251 2 0.715900 0.818689 2
9 0.498353 0.820084 0.685499 0.022789 0.831102 0.821478 2 0.165603 0.818689 2