4 0.144688 0.471190 0.043131 0.078620 0 0 0 0 0 0
2 0.245881 0.471190 0.042026 0.076667 0 0 0 0 0 0
6 0.319011 0.472900 0.042855 0.078132 0 0 0 0 0 0
6 0.245656 0.274194 0.042855 0.077643 0 0 0 0 0 0
2 0.247315 0.135266 0.045067 0.076178 0 0 0 0 0 0
7 0.394128 0.138684 0.038984 0.063482 0 0 0 0 0 0
2 0.264702 0.767633 0.042536 0.079259 0 0 0 0 0 0
7 0.156448 0.766694 0.045939 0.075878 0 0 0 0 0 0
7 0.394650 0.764252 0.044663 0.082264 0 0 0 0 0 0
7 0.392590 0.895359 0.049915 0.077426 0 0 0 0 0 0
7 0.572283 0.856646 0.045574 0.084326 0 0 0 0 0 0
7 0.393675 0.471075 0.041668 0.074360 0 0 0 0 0 0
7 0.543202 0.151787 0.035157 0.056728 0 0 0 0 0 0
7 0.635001 0.148337 0.045140 0.077426 0 0 0 0 0 0
7 0.594636 0.455743 0.035591 0.065161 0 0 0 0 0 0
7 0.594419 0.587215 0.033421 0.061328 0 0 0 0 0 0
7 0.700729 0.588364 0.045574 0.075893 0 0 0 0 0 0
2 0.700946 0.449993 0.042536 0.076660 0 0 0 0 0 0
2 0.871958 0.519754 0.048613 0.084326 0 0 0 0 0 0
7 0.718337 0.850513 0.045140 0.084326 0 0 0 0 0 0
7 0.647762 0.786184 0.043447 0.083015 0 0 0 0 0 0
2 0.732281 0.149895 0.046275 0.075539 0 0 0 0 0 0
2 0.923459 0.150101 0.042302 0.075952 0 0 0 0 0 0
0 0.286649 0.327057 0.386936 0.548117 0 0 0 0 0 0
0 0.213999 0.771967 0.241638 0.238494 0 0 0 0 0 0
0 0.737548 0.156206 0.488013 0.206416 0 0 0 0 0 0
0 0.876529 0.675732 0.145298 0.567643 0 0 0 0 0 0
0 0.642393 0.533473 0.248745 0.324965 0 0 0 0 0 0
0 0.645946 0.827755 0.244796 0.249651 0 0 0 0 0 0
0 0.645157 0.640865 0.271645 0.648536 0 0 0 0 0 0
0 0.648710 0.622036 0.296125 0.711297 0 0 0 0 0 0
0 0.534209 0.495816 0.905746 0.986053 0 0 0 0 0 0
8 0.030402 0.474198 0.048170 0.080893 0 0 0 0 0 0
9 0.089500 0.472414 0.085293 0.023381 0.056853 0.470723 2 0.122146 0.474104 2
9 0.195308 0.471850 0.079125 0.020751 0.165746 0.471474 2 0.224871 0.472226 2
9 0.245926 0.398977 0.020000 0.090619 0.245926 0.434287 2 0.245926 0.363668 2
9 0.281762 0.468094 0.049988 0.023005 0.266768 0.469596 2 0.296756 0.466591 2
9 0.229056 0.614536 0.054029 0.125177 0.246071 0.561947 2 0.212042 0.667125 2
9 0.210659 0.769860 0.079338 0.020376 0.180991 0.769673 2 0.240328 0.770048 2
9 0.211936 0.773053 0.079338 0.020751 0.241604 0.772678 2 0.182267 0.773429 2
9 0.406376 0.663623 0.045279 0.225550 0.393737 0.560849 2 0.419016 0.766398 2
9 0.408284 0.731017 0.042417 0.356966 0.397076 0.562533 2 0.419493 0.899500 2
9 0.406138 0.670363 0.046710 0.228919 0.419493 0.774822 2 0.392783 0.565903 2
9 0.409477 0.739441 0.044802 0.355282 0.421878 0.907082 2 0.397076 0.571800 2
9 0.356295 0.470710 0.050049 0.021685 0.341270 0.469868 2 0.371319 0.471552 2
9 0.491277 0.456389 0.174061 0.020000 0.414246 0.456389 2 0.568307 0.456389 2
9 0.495092 0.531785 0.179784 0.140465 0.415200 0.471552 2 0.574985 0.592018 2
9 0.647245 0.588648 0.075805 0.020000 0.619343 0.588648 2 0.675148 0.588648 2
9 0.643668 0.589069 0.074374 0.024212 0.670855 0.586963 2 0.616481 0.591176 2
9 0.598594 0.802453 0.073420 0.044430 0.625305 0.790238 2 0.571884 0.814668 2
9 0.692319 0.803296 0.070082 0.042745 0.667278 0.791923 2 0.717359 0.814668 2
9 0.482930 0.880798 0.154028 0.078127 0.549944 0.851735 2 0.415916 0.909861 2
9 0.481499 0.817196 0.149258 0.100872 0.546128 0.857632 2 0.416870 0.776760 2
9 0.471006 0.714842 0.175968 0.305579 0.548990 0.857632 2 0.393021 0.572053 2
9 0.797766 0.854683 0.128749 0.024212 0.852140 0.856789 2 0.743391 0.852577 2
9 0.873127 0.798663 0.021908 0.055381 0.872173 0.780972 2 0.874081 0.816353 2
9 0.874319 0.639446 0.020477 0.070545 0.874081 0.614173 2 0.874558 0.664718 2
9 0.644383 0.450693 0.080098 0.025054 0.614334 0.453220 2 0.674432 0.448165 2
9 0.646530 0.459538 0.081529 0.022527 0.677294 0.458274 2 0.615765 0.460802 2
9 0.331437 0.356320 0.145176 0.178580 0.394025 0.435610 2 0.268848 0.277030 2
9 0.394440 0.336632 0.022087 0.210481 0.395483 0.431873 2 0.393396 0.241392 2
9 0.456056 0.293972 0.148799 0.295801 0.391656 0.431873 2 0.520455 0.156071 2
9 0.321284 0.137945 0.120543 0.023072 0.371555 0.139481 2 0.271013 0.136409 2
9 0.584643 0.151156 0.069054 0.023687 0.560116 0.152999 2 0.609169 0.149312 2
9 0.732814 0.234107 0.401992 0.021229 0.541818 0.234722 2 0.923810 0.233493 2
9 0.781694 0.149927 0.071837 0.021229 0.807612 0.150541 2 0.755776 0.149312 2
9 0.683587 0.151463 0.070445 0.021843 0.658364 0.152385 2 0.708809 0.150541 2