8 0.171829 0.098773 0.050894 0.063097 0 0 0 0 0 0
6 0.386555 0.094645 0.075130 0.092582 0 0 0 0 0 0
6 0.600796 0.097889 0.074160 0.090812 0 0 0 0 0 0
4 0.483254 0.098478 0.069798 0.089633 0 0 0 0 0 0
4 0.461442 0.395093 0.052348 0.061328 0 0 0 0 0 0
4 0.237022 0.399516 0.048471 0.059559 0 0 0 0 0 0
4 0.695072 0.394798 0.042654 0.063097 0 0 0 0 0 0
7 0.466047 0.612394 0.077069 0.096120 0 0 0 0 0 0
7 0.690709 0.613574 0.079492 0.091402 0 0 0 0 0 0
7 0.232902 0.608561 0.079977 0.096709 0 0 0 0 0 0
2 0.408609 0.801685 0.071737 0.092582 0 0 0 0 0 0
2 0.517426 0.804339 0.070283 0.089633 0 0 0 0 0 0
2 0.279192 0.802865 0.071737 0.091402 0 0 0 0 0 0
2 0.192914 0.802453 0.072706 0.087274 0 0 0 0 0 0
7 0.689498 0.806286 0.077069 0.092582 0 0 0 0 0 0
5 0.858280 0.671406 0.072706 0.092666 0 0 0 0 0 0
7 0.860357 0.814195 0.072706 0.091823 0 0 0 0 0 0
6 0.858626 0.395936 0.076168 0.092666 0 0 0 0 0 0
7 0.860011 0.547570 0.069244 0.090981 0 0 0 0 0 0
5 0.859319 0.268731 0.074784 0.092666 0 0 0 0 0 0
0 0.236815 0.675196 0.175880 0.428790 0 0 0 0 0 0
0 0.464628 0.674775 0.199423 0.427947 0 0 0 0 0 0
0 0.689324 0.674354 0.177957 0.427105 0 0 0 0 0 0
0 0.236122 0.596035 0.199423 0.614173 0 0 0 0 0 0
0 0.461512 0.590981 0.226428 0.610804 0 0 0 0 0 0
0 0.686208 0.590534 0.202193 0.618333 0 0 0 0 0 0
0 0.464281 0.582978 0.668205 0.657137 0 0 0 0 0 0
0 0.515868 0.560654 0.817080 0.727057 0 0 0 0 0 0
0 0.520369 0.549281 0.860703 0.785184 0 0 0 0 0 0
9 0.504097 0.724530 0.049082 0.097502 0.489555 0.685779 2 0.518638 0.763281 2
9 0.438315 0.726215 0.080935 0.094133 0.468782 0.689148 2 0.407847 0.763281 2
9 0.374956 0.727900 0.203497 0.090763 0.466705 0.692518 2 0.283208 0.763281 2
9 0.272129 0.097720 0.172337 0.025054 0.195961 0.095193 2 0.348298 0.100248 2
9 0.437276 0.098563 0.045620 0.023370 0.424466 0.096878 2 0.450086 0.100248 2
9 0.544604 0.100248 0.069163 0.026739 0.520023 0.096878 2 0.569186 0.103617 2
9 0.473629 0.255673 0.039388 0.239871 0.483323 0.145738 2 0.463935 0.365609 2
9 0.588574 0.258201 0.229117 0.229762 0.484016 0.153320 2 0.693133 0.363081 2
9 0.361800 0.261991 0.267201 0.227234 0.485401 0.158374 2 0.238200 0.365609 2