8 0.228433 0.754179 0.117098 0.123296 0 0 0 0 0 0
0 0.408024 0.755721 0.129233 0.120213 0 0 0 0 0 0
4 0.408327 0.576664 0.124986 0.119699 0 0 0 0 0 0
7 0.590042 0.394803 0.121952 0.116617 0 0 0 0 0 0
7 0.589435 0.574352 0.121952 0.116103 0 0 0 0 0 0
7 0.590649 0.752874 0.120739 0.115590 0 0 0 0 0 0
5 0.770240 0.752617 0.125592 0.121241 0 0 0 0 0 0
1 0.771757 0.573838 0.124986 0.123296 0 0 0 0 0 0
2 0.772060 0.394803 0.125592 0.118672 0 0 0 0 0 0
3 0.590952 0.216024 0.114065 0.125864 0 0 0 0 0 0
0 0.590952 0.555601 0.145614 0.539932 0 0 0 0 0 0
6 0.408756 0.396760 0.124842 0.115936 0 0 0 0 0 0
9 0.499714 0.780301 0.081032 0.020000 0.469198 0.780301 2 0.530230 0.780301 2
9 0.499576 0.585051 0.082965 0.343157 0.468094 0.746629 2 0.531059 0.423472 2
9 0.499300 0.355310 0.081308 0.020701 0.468646 0.354959 2 0.529954 0.355660 2
9 0.503995 0.478189 0.170232 0.061155 0.428879 0.457612 2 0.579111 0.498766 2
9 0.472236 0.478540 0.186249 0.060921 0.389112 0.499000 2 0.555361 0.458079 2
9 0.681152 0.365832 0.082689 0.020701 0.649808 0.365481 2 0.712497 0.366183 2
9 0.677010 0.478657 0.169956 0.063493 0.602032 0.500403 2 0.751988 0.456910 2
9 0.499162 0.567630 0.082689 0.021169 0.467818 0.568215 2 0.530506 0.567045 2
9 0.680738 0.568098 0.082965 0.020234 0.649256 0.567981 2 0.712221 0.568215 2
9 0.510208 0.656837 0.182107 0.061622 0.429155 0.636026 2 0.591262 0.677649 2
9 0.475274 0.657305 0.191220 0.062558 0.389664 0.678584 2 0.560884 0.636026 2
9 0.680738 0.768727 0.081308 0.020234 0.650084 0.768610 2 0.711392 0.768844 2
9 0.696065 0.657656 0.173822 0.061856 0.619154 0.678584 2 0.772976 0.636728 2
9 0.708630 0.478423 0.185697 0.062090 0.625782 0.457378 2 0.791479 0.499468 2
9 0.681429 0.567045 0.082136 0.331933 0.650360 0.723012 2 0.712497 0.411079 2
9 0.710978 0.265167 0.142340 0.129902 0.649808 0.210216 2 0.772148 0.320118 2
9 0.500065 0.550063 0.083029 0.343600 0.468551 0.388263 2 0.531580 0.711863 2
9 0.318148 0.746877 0.081362 0.020000 0.287467 0.746877 2 0.348829 0.746877 2