0 0.346408 0.760094 0.186528 0.100294 0 0 0 0 0 0
7 0.625534 0.668439 0.183863 0.100294 0 0 0 0 0 0
4 0.344410 0.575846 0.189192 0.105929 0 0 0 0 0 0
7 0.624534 0.486445 0.188526 0.108934 0 0 0 0 0 0
6 0.347075 0.395166 0.189192 0.108934 0 0 0 0 0 0
7 0.623868 0.306705 0.181864 0.107055 0 0 0 0 0 0
3 0.348740 0.212421 0.161879 0.107807 0 0 0 0 0 0
0 0.624534 0.473298 0.221835 0.552181 0 0 0 0 0 0
9 0.480642 0.246603 0.112598 0.022629 0.434343 0.245289 2 0.526941 0.247918 2
9 0.486637 0.724597 0.109933 0.020000 0.441671 0.724597 2 0.531604 0.724597 2
9 0.484306 0.633318 0.107934 0.020000 0.440338 0.633318 2 0.528273 0.633318 2
9 0.482307 0.628810 0.106602 0.189035 0.439006 0.713328 2 0.525608 0.544293 2
9 0.482973 0.530770 0.107934 0.022254 0.439006 0.531897 2 0.526941 0.529643 2
9 0.484306 0.537531 0.110599 0.189786 0.439006 0.452638 2 0.529605 0.622424 2
9 0.481308 0.441181 0.113930 0.359197 0.434343 0.271583 2 0.528273 0.610780 2
9 0.484306 0.441369 0.110599 0.020000 0.439006 0.441369 2 0.529605 0.441369 2
9 0.482307 0.338821 0.109267 0.020751 0.437674 0.338446 2 0.526941 0.339197 2
9 0.481308 0.248294 0.104604 0.020751 0.439006 0.248669 2 0.523610 0.247918 2
9 0.483973 0.344644 0.111265 0.187908 0.438340 0.260690 2 0.529605 0.428598 2
9 0.481974 0.434608 0.109933 0.189786 0.437008 0.519501 2 0.526941 0.349715 2
9 0.480975 0.531897 0.102605 0.360324 0.439672 0.702059 2 0.522277 0.361735 2