4 0.342633 0.498605 0.071961 0.132497 0 0 0 0 0 0
7 0.553610 0.286611 0.063784 0.115760 0 0 0 0 0 0
7 0.551974 0.498605 0.067495 0.118550 0 0 0 0 0 0
7 0.553201 0.707363 0.069508 0.119444 0 0 0 0 0 0
5 0.763140 0.494234 0.068312 0.127774 0 0 0 0 0 0
7 0.445411 0.500692 0.070188 0.115175 0 0 0 0 0 0
7 0.236318 0.499174 0.062580 0.104375 0 0 0 0 0 0
8 0.130692 0.388607 0.047022 0.129732 0 0 0 0 0 0
0 0.551994 0.480374 0.085966 0.634711 0 0 0 0 0 0
9 0.183931 0.446052 0.054587 0.021264 0.166637 0.446684 2 0.201225 0.445420 2
9 0.184054 0.549075 0.054340 0.021685 0.166884 0.549918 2 0.201225 0.548232 2
9 0.288187 0.496194 0.051623 0.020421 0.272376 0.496405 2 0.303998 0.495983 2
9 0.394296 0.499144 0.048905 0.022950 0.379844 0.497669 2 0.408749 0.500618 2
9 0.482926 0.379246 0.086827 0.095886 0.449512 0.417189 2 0.516340 0.341303 2
9 0.499664 0.496996 0.053352 0.020421 0.482988 0.496786 2 0.516340 0.497207 2
9 0.481505 0.616242 0.088186 0.094581 0.447412 0.578951 2 0.515599 0.653532 2
9 0.623931 0.643841 0.086457 0.142195 0.590703 0.704938 2 0.657160 0.582743 2
9 0.604661 0.497839 0.052364 0.021264 0.588479 0.497207 2 0.620843 0.498471 2
9 0.623190 0.351626 0.089422 0.146830 0.588479 0.288211 2 0.657901 0.415041 2
9 0.709753 0.498722 0.052784 0.021985 0.693361 0.499714 2 0.726145 0.497729 2
9 0.815381 0.497067 0.052978 0.020662 0.798891 0.496737 2 0.831870 0.497398 2